0.00597402725655299
0.005770878024542561
0.0057703357977935904
0.0055422365951996585
0.0055422365951996585
0.0055422365951996585
0.0055422365951996585
0.0055422365951996585
0.0055422365951996585
0.0055422365951996585
0.0055422365951996585
0.0055422365951996585
0.0055422365951996585
0.0055422365951996585
0.0055422365951996585
0.0055422365951996585
0.0055422365951996585
0.0055422365951996585
0.0055422365951996585
0.0054559493079208415
0.0054559493079208415
0.0054559493079208415
0.0054559493079208415
0.0054559493079208415
0.0054559493079208415
0.0054559493079208415
0.0054559493079208415
0.0054559493079208415
0.0054559493079208415
0.0054559493079208415
0.0054559493079208415
0.0054559493079208415
0.0054559493079208415
0.0054559493079208415
0.0054559493079208415
0.0054559493079208415
0.0054559493079208415
0.0054559493079208415
0.0054559493079208415
0.0054559493079208415
0.5962869198312236
