0.005764219480065199
0.005764219480065199
0.005764219480065199
0.005764219480065199
0.005658195748065527
0.005658195748065527
0.005658195748065527
0.005658195748065527
0.005658195748065527
0.005658195748065527
0.005658195748065527
0.005658195748065527
0.005658195748065527
0.005658195748065527
0.00550598013572968
0.00550598013572968
0.00550598013572968
0.00550598013572968
0.00550598013572968
0.00550598013572968
0.00550598013572968
0.00550598013572968
0.00550598013572968
0.00550598013572968
0.00550598013572968
0.00550598013572968
0.00550598013572968
0.00550598013572968
0.00550598013572968
0.00550598013572968
0.00550598013572968
0.00550598013572968
0.00550598013572968
0.00550598013572968
0.00550598013572968
0.00550598013572968
0.005485729027826052
0.005485729027826052
0.005485729027826052
0.005485729027826052
0.5444725738396624
