0.005816810191250765
0.005756367069597428
0.005756367069597428
0.005756367069597428
0.005756367069597428
0.005756367069597428
0.005756367069597428
0.005756367069597428
0.005756367069597428
0.005756367069597428
0.005756367069597428
0.005756367069597428
0.005709121290307779
0.005709121290307779
0.005709121290307779
0.005648313287215738
0.005648313287215738
0.005648313287215738
0.005648313287215738
0.005648313287215738
0.005577647915253272
0.005577647915253272
0.005577647915253272
0.005577647915253272
0.005577647915253272
0.005577647915253272
0.005577647915253272
0.005577647915253272
0.005577647915253272
0.005577647915253272
0.005577647915253272
0.005577647915253272
0.005577647915253272
0.005577647915253272
0.005577647915253272
0.005577647915253272
0.005577647915253272
0.005577647915253272
0.005577647915253272
0.005577647915253272
0.5597468354430379
