0.005810031846452218
0.005810031846452218
0.005810031846452218
0.005810031846452218
0.005780532203901272
0.005772725571520054
0.005768596803626189
0.005542475658540542
0.005542475658540542
0.005542475658540542
0.005542475658540542
0.005542475658540542
0.005542475658540542
0.005542475658540542
0.005542475658540542
0.005479857522564439
0.005479857522564439
0.005479857522564439
0.005479857522564439
0.005479857522564439
0.005479857522564439
0.005479857522564439
0.005479857522564439
0.005479857522564439
0.005479857522564439
0.005479857522564439
0.005479857522564439
0.005479857522564439
0.005479857522564439
0.005479857522564439
0.005479857522564439
0.005479857522564439
0.005479857522564439
0.005479857522564439
0.005479857522564439
0.005479857522564439
0.005479857522564439
0.005479857522564439
0.005479857522564439
0.005479857522564439
0.5796624472573839
