0.005877422097210701 [121]
0.005877422097210701 [121]
0.0056361244060099125 [86]
0.0056361244060099125 [86]
0.0056361244060099125 [86]
0.0056361244060099125 [86]
0.0056361244060099125 [86]
0.0056361244060099125 [86]
0.0056361244060099125 [86]
0.005357636174616905 [49]
0.005357636174616905 [49]
0.005357636174616905 [49]
0.005357636174616905 [49]
0.005357636174616905 [49]
0.005357636174616905 [49]
0.005357636174616905 [49]
0.005357636174616905 [49]
0.005357636174616905 [49]
0.005357636174616905 [49]
0.005357636174616905 [49]
0.005357636174616905 [49]
0.005357636174616905 [49]
0.005357636174616905 [49]
0.005357636174616905 [49]
0.005357636174616905 [49]
0.005357636174616905 [49]
0.005357636174616905 [49]
0.005357636174616905 [49]
0.005357636174616905 [49]
0.005357636174616905 [49]
0.005357636174616905 [49]
0.005357636174616905 [49]
0.005357636174616905 [49]
0.005357636174616905 [49]
0.005357636174616905 [49]
0.005357636174616905 [49]
0.005357636174616905 [49]
0.005357636174616905 [49]
0.005357636174616905 [49]
0.005357636174616905 [49]
0.5281856540084389
