0.006278301804111554
0.005680153182206245
0.005680153182206245
0.005680153182206245
0.005680153182206245
0.0056565849898526305
0.0056565849898526305
0.0056565849898526305
0.0056565849898526305
0.0056565849898526305
0.0055418394756718324
0.0055418394756718324
0.0055418394756718324
0.0055418394756718324
0.0055324942446672
0.0055324942446672
0.0055324942446672
0.0055324942446672
0.0055324942446672
0.0055324942446672
0.0055324942446672
0.0055324942446672
0.0055324942446672
0.0055324942446672
0.0055324942446672
0.0055324942446672
0.0055324942446672
0.0055324942446672
0.0055324942446672
0.0055324942446672
0.0055324942446672
0.0055324942446672
0.0055324942446672
0.0055324942446672
0.0055324942446672
0.0055324942446672
0.0055324942446672
0.0055324942446672
0.0055324942446672
0.0055324942446672
0.5416033755274262
