0.005525684879662899
0.005525684879662899
0.005525684879662899
0.005525684879662899
0.005525684879662899
0.005525684879662899
0.005525684879662899
0.005525684879662899
0.005525684879662899
0.005525684879662899
0.005525684879662899
0.005525684879662899
0.005525684879662899
0.00528258361065617
0.00528258361065617
0.00528258361065617
0.00528258361065617
0.00528258361065617
0.00528258361065617
0.00528258361065617
0.00528258361065617
0.00528258361065617
0.00528258361065617
0.00528258361065617
0.00528258361065617
0.00528258361065617
0.00528258361065617
0.00528258361065617
0.00528258361065617
0.00528258361065617
0.00528258361065617
0.00528258361065617
0.00528258361065617
0.00528258361065617
0.00528258361065617
0.00528258361065617
0.00528258361065617
0.00528258361065617
0.00528258361065617
0.00528258361065617
0.5594936708860759
