0.005994304262388211
0.005849862686143472
0.005849862686143472
0.005849862686143472
0.005644803723463645
0.0055787768214941025
0.0055787768214941025
0.0055787768214941025
0.0055787768214941025
0.0055787768214941025
0.0055787768214941025
0.0055787768214941025
0.005457769739083373
0.005457769739083373
0.005457769739083373
0.005457769739083373
0.005457769739083373
0.005457769739083373
0.005457769739083373
0.005457769739083373
0.005457769739083373
0.005457769739083373
0.005457769739083373
0.005457769739083373
0.005457769739083373
0.005457769739083373
0.005457769739083373
0.005457769739083373
0.005457769739083373
0.005457769739083373
0.005457769739083373
0.005457769739083373
0.005457769739083373
0.005457769739083373
0.005457769739083373
0.005457769739083373
0.005457769739083373
0.005457769739083373
0.005457769739083373
0.005457769739083373
0.5182278481012659
