0.005930851482284756 [121]
0.005818249944310922 [49]
0.005818249944310922 [49]
0.005818249944310922 [49]
0.005818249944310922 [49]
0.005818249944310922 [49]
0.005818249944310922 [49]
0.005818249944310922 [49]
0.005624857552063007 [103]
0.005624857552063007 [103]
0.005624857552063007 [103]
0.005624857552063007 [103]
0.005624857552063007 [103]
0.005624857552063007 [103]
0.005624857552063007 [103]
0.005624857552063007 [103]
0.005624857552063007 [103]
0.005624857552063007 [103]
0.005624857552063007 [103]
0.005624857552063007 [103]
0.005624857552063007 [103]
0.005624857552063007 [103]
0.005624857552063007 [103]
0.005624857552063007 [103]
0.005624857552063007 [103]
0.005624857552063007 [103]
0.005624857552063007 [103]
0.005624857552063007 [103]
0.005624857552063007 [103]
0.005624857552063007 [103]
0.005624857552063007 [103]
0.005624857552063007 [103]
0.005624857552063007 [103]
0.005624857552063007 [103]
0.005624857552063007 [103]
0.005624857552063007 [103]
0.005624857552063007 [103]
0.005624857552063007 [103]
0.005624857552063007 [103]
0.005624857552063007 [103]
0.5490295358649789
