0.005804647584087574
0.005676286330876442
0.005510769551619887
0.005510769551619887
0.005510769551619887
0.005510769551619887
0.005510769551619887
0.005510769551619887
0.005510769551619887
0.005510769551619887
0.005510769551619887
0.005510769551619887
0.005510769551619887
0.005510769551619887
0.005510769551619887
0.005510769551619887
0.005510769551619887
0.005510769551619887
0.005510769551619887
0.005510769551619887
0.005510769551619887
0.005510769551619887
0.005510769551619887
0.005510769551619887
0.005510769551619887
0.005510769551619887
0.005510769551619887
0.005510769551619887
0.005510769551619887
0.005510769551619887
0.005510769551619887
0.005510769551619887
0.005510769551619887
0.005510769551619887
0.005510769551619887
0.005510769551619887
0.005510769551619887
0.005510769551619887
0.005510769551619887
0.005510769551619887
0.5092827004219409
