0.006011483581879964
0.005915240420458408
0.0058590051932976795
0.0058590051932976795
0.0058590051932976795
0.0058590051932976795
0.005786063722693003
0.005682142075294485
0.005682142075294485
0.005588870173176894
0.005588870173176894
0.005588870173176894
0.005588870173176894
0.005588870173176894
0.005588870173176894
0.005588870173176894
0.005588870173176894
0.005588870173176894
0.005588870173176894
0.005588870173176894
0.005588870173176894
0.005588870173176894
0.005588870173176894
0.005588870173176894
0.005588870173176894
0.005588870173176894
0.005588870173176894
0.005588870173176894
0.005588870173176894
0.005588870173176894
0.0054434637467448525
0.0054434637467448525
0.0054434637467448525
0.0054434637467448525
0.0054434637467448525
0.0054434637467448525
0.0054434637467448525
0.0054434637467448525
0.0054434637467448525
0.0054434637467448525
0.5334177215189874
