0.00598762478106297
0.00598762478106297
0.005967857853437846
0.005641012452542782
0.005641012452542782
0.005641012452542782
0.005641012452542782
0.005583084295861996
0.005583084295861996
0.005583084295861996
0.005583084295861996
0.005583084295861996
0.005583084295861996
0.005583084295861996
0.005583084295861996
0.005583084295861996
0.005583084295861996
0.005583084295861996
0.005583084295861996
0.005583084295861996
0.005583084295861996
0.005583084295861996
0.005583084295861996
0.005583084295861996
0.005583084295861996
0.005583084295861996
0.005583084295861996
0.005583084295861996
0.005583084295861996
0.005583084295861996
0.005583084295861996
0.005583084295861996
0.005583084295861996
0.005583084295861996
0.005583084295861996
0.005583084295861996
0.005583084295861996
0.005583084295861996
0.005583084295861996
0.005583084295861996
0.5582278481012658
