0.006002806664372866
0.0057765764470856925
0.0057765764470856925
0.0057765764470856925
0.0057765764470856925
0.0057765764470856925
0.005692337191878603
0.005692337191878603
0.005692337191878603
0.005692337191878603
0.005692337191878603
0.005692337191878603
0.005692337191878603
0.005692337191878603
0.005692337191878603
0.005692337191878603
0.005692337191878603
0.005692337191878603
0.005692337191878603
0.005692337191878603
0.005692337191878603
0.005692337191878603
0.005692337191878603
0.005692337191878603
0.005692337191878603
0.005692337191878603
0.005692337191878603
0.005692337191878603
0.005692337191878603
0.005604460871276947
0.005604460871276947
0.005604460871276947
0.005604460871276947
0.005604460871276947
0.005604460871276947
0.005604460871276947
0.005604460871276947
0.005604460871276947
0.005604460871276947
0.005604460871276947
