0.005656071043071838
0.005497431525817284
0.005497431525817284
0.005497431525817284
0.005415968722305619
0.005415968722305619
0.005415968722305619
0.005415968722305619
0.005415968722305619
0.005415968722305619
0.005415968722305619
0.005415968722305619
0.005415968722305619
0.005415968722305619
0.005415968722305619
0.005415968722305619
0.005415968722305619
0.005415968722305619
0.005415968722305619
0.005415968722305619
0.005415968722305619
0.005415968722305619
0.005415968722305619
0.005415968722305619
0.005415968722305619
0.005415968722305619
0.005415968722305619
0.005415968722305619
0.005415968722305619
0.005415968722305619
0.005415968722305619
0.005415968722305619
0.005415968722305619
0.005415968722305619
0.005415968722305619
0.005415968722305619
0.005415968722305619
0.005415968722305619
0.005415968722305619
0.005415968722305619
0.6074261603375527
