0.005892689554737165
0.005699031180343949
0.005644463342972673
0.005639588406596046
0.005639588406596046
0.005558806865547712
0.005558806865547712
0.005558806865547712
0.005558806865547712
0.005558806865547712
0.005558806865547712
0.005558806865547712
0.005558806865547712
0.005558806865547712
0.005558806865547712
0.005558806865547712
0.005558806865547712
0.005558806865547712
0.005558806865547712
0.005558806865547712
0.005558806865547712
0.005558806865547712
0.005558806865547712
0.005558806865547712
0.005558806865547712
0.005558806865547712
0.005558806865547712
0.005558806865547712
0.005558806865547712
0.005558806865547712
0.005558806865547712
0.005558806865547712
0.005558806865547712
0.005558806865547712
0.005558806865547712
0.005558806865547712
0.005558806865547712
0.005558806865547712
0.005558806865547712
0.005558806865547712
0.5977215189873418
