0.005782040265890269
0.0057727862149477005
0.0055988566018640995
0.0055988566018640995
0.0055988566018640995
0.0055988566018640995
0.0055988566018640995
0.0055988566018640995
0.0055988566018640995
0.0055988566018640995
0.0055988566018640995
0.0055988566018640995
0.005571397809455028
0.005571397809455028
0.005571397809455028
0.005571397809455028
0.005571397809455028
0.005571397809455028
0.005571397809455028
0.005571397809455028
0.005571397809455028
0.005571397809455028
0.005571397809455028
0.005571397809455028
0.005571397809455028
0.005571397809455028
0.005571397809455028
0.005571397809455028
0.005571397809455028
0.005571397809455028
0.005571397809455028
0.005571397809455028
0.005571397809455028
0.005571397809455028
0.005571397809455028
0.005571397809455028
0.005571397809455028
0.005571397809455028
0.005571397809455028
0.005571397809455028
0.5328270042194093
