0.005986043216230778
0.005765981649836669
0.005765981649836669
0.00570347855010858
0.00570347855010858
0.005689459548403437
0.005650475191382261
0.005650475191382261
0.005650475191382261
0.005486543863438643
0.005486543863438643
0.005486543863438643
0.005486543863438643
0.005486543863438643
0.005486543863438643
0.005486543863438643
0.005486543863438643
0.005486543863438643
0.005486543863438643
0.005486543863438643
0.005486543863438643
0.005486543863438643
0.005486543863438643
0.005486543863438643
0.005486543863438643
0.005486543863438643
0.005486543863438643
0.005486543863438643
0.005486543863438643
0.005486543863438643
0.005486543863438643
0.005486543863438643
0.005486543863438643
0.005486543863438643
0.005486543863438643
0.005486543863438643
0.005486543863438643
0.005486543863438643
0.005486543863438643
0.005486543863438643
0.5859071729957805
