0.005687785782636358
0.005687785782636358
0.005687785782636358
0.005687785782636358
0.005683324783324049
0.005683324783324049
0.005683324783324049
0.005683324783324049
0.005683324783324049
0.005683324783324049
0.005593961355491326
0.005593961355491326
0.005593961355491326
0.005593961355491326
0.005593961355491326
0.005593961355491326
0.005593961355491326
0.005593961355491326
0.005593961355491326
0.005593961355491326
0.005593961355491326
0.005593961355491326
0.005593961355491326
0.005593961355491326
0.005593961355491326
0.005593961355491326
0.005593961355491326
0.005593961355491326
0.005492696860948434
0.005492696860948434
0.005492696860948434
0.005492696860948434
0.005492696860948434
0.005492696860948434
0.005492696860948434
0.005492696860948434
0.005492696860948434
0.005492696860948434
0.005492696860948434
0.005492696860948434
0.5835443037974684
