0.005854138674644323
0.005854138674644323
0.005806167645809742
0.005806167645809742
0.005806167645809742
0.005806167645809742
0.005777821302987062
0.005710408593026491
0.005710408593026491
0.005710408593026491
0.005710408593026491
0.005630088934245018
0.005630088934245018
0.005630088934245018
0.005630088934245018
0.005630088934245018
0.005630088934245018
0.005630088934245018
0.005630088934245018
0.005630088934245018
0.005630088934245018
0.005630088934245018
0.005630088934245018
0.005630088934245018
0.005630088934245018
0.005630088934245018
0.005473860826056737
0.005473860826056737
0.005473860826056737
0.005473860826056737
0.005473860826056737
0.005473860826056737
0.005473860826056737
0.005473860826056737
0.005473860826056737
0.005473860826056737
0.005473860826056737
0.005380074242846324
0.005380074242846324
0.005380074242846324
0.5567932489451477
