0.005571876831639271
0.005571876831639271
0.005571876831639271
0.005571876831639271
0.005571876831639271
0.005571876831639271
0.005571876831639271
0.005571876831639271
0.0055173054301681426
0.0055173054301681426
0.0055173054301681426
0.0055173054301681426
0.0055173054301681426
0.0055173054301681426
0.0055173054301681426
0.0055173054301681426
0.005495352616820198
0.005495352616820198
0.005495352616820198
0.005495352616820198
0.005495352616820198
0.005495352616820198
0.005495352616820198
0.005495352616820198
0.005495352616820198
0.005495352616820198
0.005495352616820198
0.005495352616820198
0.005495352616820198
0.005495352616820198
0.005495352616820198
0.005495352616820198
0.005495352616820198
0.005495352616820198
0.005440347720510685
0.005440347720510685
0.005440347720510685
0.005440347720510685
0.005440347720510685
0.005440347720510685
0.5707172995780591
