0.005942089232401206
0.005867024847807793
0.005867024847807793
0.005825455407970226
0.005751801153215079
0.005751801153215079
0.005751801153215079
0.005647862759920267
0.005647862759920267
0.005440432864886064
0.005440432864886064
0.005440432864886064
0.005440432864886064
0.005440432864886064
0.005440432864886064
0.005440432864886064
0.005440432864886064
0.005440432864886064
0.005440432864886064
0.005440432864886064
0.005440432864886064
0.005440432864886064
0.005440432864886064
0.005440432864886064
0.005440432864886064
0.005440432864886064
0.005440432864886064
0.005440432864886064
0.005440432864886064
0.005440432864886064
0.005440432864886064
0.005440432864886064
0.005440432864886064
0.005440432864886064
0.005440432864886064
0.005440432864886064
0.005440432864886064
0.005440432864886064
0.005440432864886064
0.005440432864886064
0.5351898734177215
