0.005864428965231547
0.005616732837202458
0.005616732837202458
0.005610297129561122
0.005610297129561122
0.005610297129561122
0.005610297129561122
0.005610297129561122
0.0053918864219807665
0.0053918864219807665
0.0053918864219807665
0.0053918864219807665
0.0053918864219807665
0.0053918864219807665
0.0053918864219807665
0.0053918864219807665
0.0053918864219807665
0.0053918864219807665
0.0053918864219807665
0.0053918864219807665
0.0053918864219807665
0.0053918864219807665
0.0053918864219807665
0.0053918864219807665
0.0053918864219807665
0.0053918864219807665
0.0053918864219807665
0.0053918864219807665
0.0053918864219807665
0.0053918864219807665
0.0053918864219807665
0.0053918864219807665
0.0053918864219807665
0.0053918864219807665
0.0053918864219807665
0.0053918864219807665
0.0053918864219807665
0.0053918864219807665
0.0053918864219807665
0.0053918864219807665
0.5417721518987342
