0.005881125680529154
0.005429558796235002
0.005429558796235002
0.005429558796235002
0.005429558796235002
0.005429558796235002
0.005429558796235002
0.005429558796235002
0.005429558796235002
0.005429558796235002
0.005429558796235002
0.005429558796235002
0.005429558796235002
0.005429558796235002
0.005429558796235002
0.005429558796235002
0.005429558796235002
0.005429558796235002
0.005429558796235002
0.005429558796235002
0.005429558796235002
0.005429558796235002
0.005429558796235002
0.005429558796235002
0.005429558796235002
0.005429558796235002
0.005429558796235002
0.005429558796235002
0.005429558796235002
0.005429558796235002
0.005429558796235002
0.005429558796235002
0.005429558796235002
0.005429558796235002
0.005429558796235002
0.005429558796235002
0.005429558796235002
0.005429558796235002
0.005429558796235002
0.005429558796235002
0.5719831223628692
