0.0057741584113011
0.0057741584113011
0.0057741584113011
0.0057741584113011
0.005736224066752654
0.005728355680520718
0.005728355680520718
0.005728355680520718
0.005536830052733421
0.005536830052733421
0.005536830052733421
0.005536830052733421
0.005536830052733421
0.005536830052733421
0.005536830052733421
0.005536830052733421
0.005536830052733421
0.005536830052733421
0.005536830052733421
0.005536830052733421
0.005536830052733421
0.005536830052733421
0.005536830052733421
0.005536830052733421
0.005536830052733421
0.005536830052733421
0.005536830052733421
0.005536830052733421
0.005536830052733421
0.005536830052733421
0.005536830052733421
0.005536830052733421
0.005536830052733421
0.005536830052733421
0.005536830052733421
0.005536830052733421
0.005536830052733421
0.005536830052733421
0.005536830052733421
0.005536830052733421
0.5675105485232067