0.006041427250378407
0.005532876212293139
0.005532876212293139
0.005532876212293139
0.005532876212293139
0.005532876212293139
0.005532876212293139
0.005532876212293139
0.005532876212293139
0.005532876212293139
0.005532876212293139
0.005532876212293139
0.005532876212293139
0.005532876212293139
0.005532876212293139
0.005532876212293139
0.005532876212293139
0.005532876212293139
0.005498582891260202
0.005498582891260202
0.005498582891260202
0.005498582891260202
0.005498582891260202
0.005498582891260202
0.005498582891260202
0.005498582891260202
0.005498582891260202
0.005498582891260202
0.005498582891260202
0.005498582891260202
0.005498582891260202
0.005498582891260202
0.005498582891260202
0.005498582891260202
0.005498582891260202
0.005498582891260202
0.005498582891260202
0.005498582891260202
0.005498582891260202
0.005498582891260202
0.5623628691983122
