0.0056327581763840635
0.0056327581763840635
0.0056327581763840635
0.0056327581763840635
0.0056327581763840635
0.0056327581763840635
0.0056327581763840635
0.0056327581763840635
0.0056327581763840635
0.0056327581763840635
0.0056327581763840635
0.0056327581763840635
0.0056327581763840635
0.0056327581763840635
0.0056327581763840635
0.0056327581763840635
0.005612028082116292
0.005612028082116292
0.005612028082116292
0.005612028082116292
0.005612028082116292
0.005612028082116292
0.005612028082116292
0.005612028082116292
0.005612028082116292
0.005612028082116292
0.005612028082116292
0.005612028082116292
0.005612028082116292
0.005612028082116292
0.005612028082116292
0.005612028082116292
0.005612028082116292
0.005612028082116292
0.005612028082116292
0.005612028082116292
0.005612028082116292
0.005612028082116292
0.005612028082116292
0.005612028082116292
0.5443881856540085
