0.00594763088828096
0.005896113024881253
0.005781402381566854
0.005781402381566854
0.0055954670533537865
0.005568788315241153
0.005568788315241153
0.005568788315241153
0.005568788315241153
0.005568788315241153
0.005568788315241153
0.005568788315241153
0.005568788315241153
0.005568788315241153
0.005568788315241153
0.005568788315241153
0.005568788315241153
0.005568788315241153
0.005568788315241153
0.005568788315241153
0.005568788315241153
0.005568788315241153
0.005568788315241153
0.005568788315241153
0.005450470802875666
0.005450470802875666
0.005450470802875666
0.005450470802875666
0.005450470802875666
0.005450470802875666
0.005450470802875666
0.005450470802875666
0.005450470802875666
0.005450470802875666
0.005450470802875666
0.005450470802875666
0.005450470802875666
0.005450470802875666
0.005450470802875666
0.005450470802875666
0.5348523206751055
