0.006197382355681979
0.006197382355681979
0.0058709661333033675
0.005781913928401012
0.005781913928401012
0.005781913928401012
0.005781913928401012
0.005781913928401012
0.005781913928401012
0.005781913928401012
0.005781913928401012
0.005781913928401012
0.005781913928401012
0.005781913928401012
0.005733775530153742
0.005733775530153742
0.005598400253802538
0.005598400253802538
0.005598400253802538
0.005598400253802538
0.005598400253802538
0.005528715098849856
0.005528715098849856
0.005528715098849856
0.005528715098849856
0.005528715098849856
0.005528715098849856
0.005528715098849856
0.005528715098849856
0.005528715098849856
0.005528715098849856
0.005528715098849856
0.005528715098849856
0.005528715098849856
0.005528715098849856
0.005528715098849856
0.005528715098849856
0.005528715098849856
0.005528715098849856
0.005528715098849856
0.5656540084388185
