0.005626902414055971
0.005626902414055971
0.005626902414055971
0.005626902414055971
0.0055893752007530285
0.0055893752007530285
0.0055893752007530285
0.0055893752007530285
0.0055893752007530285
0.0055893752007530285
0.0055893752007530285
0.0055893752007530285
0.0055893752007530285
0.0055893752007530285
0.005536180562697924
0.005536180562697924
0.005536180562697924
0.005536180562697924
0.005536180562697924
0.005536180562697924
0.005536180562697924
0.005536180562697924
0.005536180562697924
0.005536180562697924
0.005536180562697924
0.005536180562697924
0.005536180562697924
0.005536180562697924
0.005536180562697924
0.005536180562697924
0.005536180562697924
0.005536180562697924
0.005536180562697924
0.005536180562697924
0.005536180562697924
0.005536180562697924
0.005536180562697924
0.005536180562697924
0.005536180562697924
0.005536180562697924
0.5839662447257384
