0.005769990778599794
0.005769990778599794
0.0055587982329038475
0.0055587982329038475
0.0055587982329038475
0.0055587982329038475
0.0055587982329038475
0.0055587982329038475
0.0055587982329038475
0.0055587982329038475
0.0055587982329038475
0.0055587982329038475
0.0055587982329038475
0.0055587982329038475
0.0055587982329038475
0.0055587982329038475
0.005518990658366909
0.005518990658366909
0.005518990658366909
0.005518990658366909
0.005518990658366909
0.005518990658366909
0.005401770011163675
0.005401770011163675
0.005401770011163675
0.005401770011163675
0.005401770011163675
0.005401770011163675
0.005401770011163675
0.005401770011163675
0.005401770011163675
0.005401770011163675
0.005401770011163675
0.005401770011163675
0.005401770011163675
0.005401770011163675
0.005401770011163675
0.005401770011163675
0.005401770011163675
0.005401770011163675
