0.00596477069820349
0.005887703217852574
0.005887703217852574
0.005594538847127786
0.005594538847127786
0.005594538847127786
0.005594538847127786
0.005521694072880424
0.005521694072880424
0.005521694072880424
0.005521694072880424
0.005521694072880424
0.005521694072880424
0.005521694072880424
0.005521694072880424
0.005521694072880424
0.005521694072880424
0.005521694072880424
0.005521694072880424
0.005521694072880424
0.005521694072880424
0.005421445669176487
0.005421445669176487
0.005421445669176487
0.005421445669176487
0.005421445669176487
0.005421445669176487
0.005421445669176487
0.005421445669176487
0.005421445669176487
0.005421445669176487
0.005421445669176487
0.005421445669176487
0.005421445669176487
0.005421445669176487
0.005421445669176487
0.005421445669176487
0.005421445669176487
0.005421445669176487
0.005421445669176487
0.5448101265822785
