0.005483096143087516
0.005483096143087516
0.005483096143087516
0.005483096143087516
0.005483096143087516
0.005483096143087516
0.005483096143087516
0.005483096143087516
0.005483096143087516
0.005483096143087516
0.005483096143087516
0.005483096143087516
0.005483096143087516
0.005483096143087516
0.005483096143087516
0.005483096143087516
0.005483096143087516
0.005483096143087516
0.005483096143087516
0.005483096143087516
0.005483096143087516
0.005483096143087516
0.005483096143087516
0.005483096143087516
0.005483096143087516
0.005483096143087516
0.005483096143087516
0.005483096143087516
0.005483096143087516
0.005483096143087516
0.005483096143087516
0.005483096143087516
0.005483096143087516
0.005483096143087516
0.005483096143087516
0.005483096143087516
0.005483096143087516
0.005483096143087516
0.005483096143087516
0.005483096143087516
