0.006108666125398416
0.005898440901476603
0.005717360951866095
0.005717360951866095
0.005717360951866095
0.005717360951866095
0.005717360951866095
0.005717360951866095
0.005682429800239893
0.005682429800239893
0.005682429800239893
0.005682429800239893
0.005682429800239893
0.005682429800239893
0.005682429800239893
0.005682429800239893
0.005682429800239893
0.005682429800239893
0.005682429800239893
0.005682429800239893
0.0054771348189276
0.0054771348189276
0.0054771348189276
0.0054771348189276
0.005462664322784314
0.005462664322784314
0.005462664322784314
0.005462664322784314
0.005462664322784314
0.005462664322784314
0.005462664322784314
0.005462664322784314
0.005462664322784314
0.005462664322784314
0.005462664322784314
0.005462664322784314
0.005462664322784314
0.005462664322784314
0.005462664322784314
0.005462664322784314
0.5443037974683544
