0.00608554700962626
0.006014420113597925
0.005735909118531988
0.005735909118531988
0.005735909118531988
0.005651380669755431
0.005651380669755431
0.005651380669755431
0.005651380669755431
0.005651380669755431
0.005651380669755431
0.005651380669755431
0.005651380669755431
0.005651380669755431
0.005397342109622864
0.005397342109622864
0.005397342109622864
0.005397342109622864
0.005397342109622864
0.005397342109622864
0.005397342109622864
0.005397342109622864
0.005397342109622864
0.005397342109622864
0.005397342109622864
0.005397342109622864
0.005397342109622864
0.005397342109622864
0.005397342109622864
0.005397342109622864
0.005397342109622864
0.005397342109622864
0.005397342109622864
0.005397342109622864
0.005397342109622864
0.005397342109622864
0.005397342109622864
0.005397342109622864
0.005397342109622864
0.005397342109622864
0.5659071729957806
