0.005665354717236299
0.005665354717236299
0.005665354717236299
0.005665354717236299
0.005665354717236299
0.005665354717236299
0.005665354717236299
0.005645801277401356
0.005645801277401356
0.005645801277401356
0.005645801277401356
0.005645801277401356
0.005645801277401356
0.005645801277401356
0.005645801277401356
0.005301953794864507
0.005301953794864507
0.005301953794864507
0.005301953794864507
0.005301953794864507
0.005301953794864507
0.005301953794864507
0.005301953794864507
0.005301953794864507
0.005301953794864507
0.005301953794864507
0.005301953794864507
0.005301953794864507
0.005301953794864507
0.005301953794864507
0.005301953794864507
0.005301953794864507
0.005301953794864507
0.005301953794864507
0.005301953794864507
0.005301953794864507
0.005301953794864507
0.005301953794864507
0.005301953794864507
0.005301953794864507
0.569620253164557
