0.005852175267556539
0.005786139034451201
0.005786139034451201
0.005786139034451201
0.005786139034451201
0.005786139034451201
0.005609598440619616
0.005609598440619616
0.005609598440619616
0.005609598440619616
0.005609598440619616
0.005609598440619616
0.005609598440619616
0.005609598440619616
0.005550603776310499
0.005550603776310499
0.005550603776310499
0.005533223452333074
0.005533223452333074
0.005533223452333074
0.005533223452333074
0.005533223452333074
0.005533223452333074
0.005397537239612295
0.005397537239612295
0.005397537239612295
0.005397537239612295
0.005397537239612295
0.005397537239612295
0.005397537239612295
0.005397537239612295
0.005397537239612295
0.005397537239612295
0.005397537239612295
0.005397537239612295
0.005397537239612295
0.005397537239612295
0.005397537239612295
0.005397537239612295
0.005397537239612295
0.569029535864979
