0.005685964706712044
0.005685964706712044
0.005685964706712044
0.005685964706712044
0.005685964706712044
0.005685964706712044
0.005685964706712044
0.005685964706712044
0.005685964706712044
0.005685964706712044
0.005685964706712044
0.005685964706712044
0.005685964706712044
0.005462776941175644
0.005462776941175644
0.005462776941175644
0.005462776941175644
0.005462776941175644
0.005462776941175644
0.005462776941175644
0.005462776941175644
0.005462776941175644
0.005462776941175644
0.005462776941175644
0.005462776941175644
0.005462776941175644
0.005462776941175644
0.005462776941175644
0.005462776941175644
0.005462776941175644
0.005462776941175644
0.005462776941175644
0.005462776941175644
0.005462776941175644
0.005462776941175644
0.005462776941175644
0.005462776941175644
0.005462776941175644
0.60084388185654
