0.005902330355288891
0.005704221423142231
0.005704221423142231
0.005704221423142231
0.005704221423142231
0.005704221423142231
0.005704221423142231
0.005704221423142231
0.005704221423142231
0.005646443460136652
0.005646443460136652
0.005646443460136652
0.005618160697989739
0.005618160697989739
0.005618160697989739
0.005618160697989739
0.005618160697989739
0.005618160697989739
0.005618160697989739
0.005618160697989739
0.005618160697989739
0.005618160697989739
0.005618160697989739
0.005618160697989739
0.005618160697989739
0.005618160697989739
0.005618160697989739
0.005618160697989739
0.005618160697989739
0.005618160697989739
0.005618160697989739
0.005618160697989739
0.0055663618617332895
0.0055663618617332895
0.0055663618617332895
0.0055663618617332895
0.005408797090729842
0.005408797090729842
0.005408797090729842
0.005408797090729842
0.500590717299578
