0.005950347950252203
0.005939046619459987
0.005771599889088135
0.005771599889088135
0.005771599889088135
0.005671681764607246
0.005671681764607246
0.005671681764607246
0.005468503858607549
0.005468503858607549
0.005468503858607549
0.005468503858607549
0.005468503858607549
0.005468503858607549
0.005468503858607549
0.005468503858607549
0.005468503858607549
0.005468503858607549
0.005468503858607549
0.005468503858607549
0.005468503858607549
0.005468503858607549
0.005468503858607549
0.005468503858607549
0.005468503858607549
0.005468503858607549
0.005468503858607549
0.005468503858607549
0.005442202001666794
0.005442202001666794
0.005442202001666794
0.005442202001666794
0.005442202001666794
0.005442202001666794
0.005442202001666794
0.005442202001666794
0.005442202001666794
0.005442202001666794
0.005442202001666794
0.005442202001666794
0.5876793248945148
