0.006064805990228286 [83]
0.006064805990228286 [83]
0.005814773209679585 [59]
0.0057496806749930745 [121]
0.0057496806749930745 [121]
0.0057496806749930745 [121]
0.0057337551664274474 [85]
0.005577192802985127 [92]
0.005577192802985127 [92]
0.005461260819664368 [121]
0.005461260819664368 [121]
0.005461260819664368 [121]
0.005461260819664368 [121]
0.005461260819664368 [121]
0.005461260819664368 [121]
0.005461260819664368 [121]
0.005461260819664368 [121]
0.005461260819664368 [121]
0.005461260819664368 [121]
0.005461260819664368 [121]
0.005461260819664368 [121]
0.005461260819664368 [121]
0.005461260819664368 [121]
0.005461260819664368 [121]
0.005461260819664368 [121]
0.005461260819664368 [121]
0.005461260819664368 [121]
0.005461260819664368 [121]
0.005461260819664368 [121]
0.005461260819664368 [121]
0.005461260819664368 [121]
0.005461260819664368 [121]
0.005461260819664368 [121]
0.005461260819664368 [121]
0.005461260819664368 [121]
0.005461260819664368 [121]
0.005461260819664368 [121]
0.005461260819664368 [121]
0.005461260819664368 [121]
0.005461260819664368 [121]
0.5346835443037975
