0.005812810339893286
0.005715934201501883
0.005715934201501883
0.005577676786253085
0.005577676786253085
0.005577676786253085
0.005577676786253085
0.005577676786253085
0.005577676786253085
0.005577676786253085
0.005577676786253085
0.005577676786253085
0.005577676786253085
0.005577676786253085
0.005577676786253085
0.005577676786253085
0.005577676786253085
0.005577676786253085
0.005577676786253085
0.005577676786253085
0.005577676786253085
0.005577676786253085
0.005577676786253085
0.005577676786253085
0.0054882896455148095
0.0054882896455148095
0.0054882896455148095
0.0054882896455148095
0.0054882896455148095
0.0054882896455148095
0.0054882896455148095
0.0054882896455148095
0.0054882896455148095
0.0054882896455148095
0.0054882896455148095
0.0054882896455148095
0.0054882896455148095
0.0054882896455148095
0.0054882896455148095
0.0054882896455148095
0.5691139240506329
