0.006080338409027228
0.00574763509659813
0.00574763509659813
0.00574763509659813
0.00574763509659813
0.00574763509659813
0.005518712282467347
0.005518712282467347
0.005518712282467347
0.005518712282467347
0.005518712282467347
0.005518712282467347
0.005518712282467347
0.005518712282467347
0.005518712282467347
0.005518712282467347
0.005518712282467347
0.005518712282467347
0.005518712282467347
0.005518712282467347
0.005518712282467347
0.005518712282467347
0.005518712282467347
0.005518712282467347
0.005518712282467347
0.005518712282467347
0.005518712282467347
0.005518712282467347
0.005518712282467347
0.005518712282467347
0.005518712282467347
0.005518712282467347
0.005518712282467347
0.005518712282467347
0.005518712282467347
0.005518712282467347
0.005518712282467347
0.005518712282467347
0.005518712282467347
0.005518712282467347
0.549367088607595
