0.005833443773623843
0.005739938252820418
0.005656365412645615
0.005656365412645615
0.0056035674105469994
0.0056035674105469994
0.0056035674105469994
0.0056035674105469994
0.0056035674105469994
0.0056035674105469994
0.0056035674105469994
0.005602488813635249
0.005602488813635249
0.005602488813635249
0.005602488813635249
0.005441990895913198
0.005441990895913198
0.005441990895913198
0.005441990895913198
0.005441990895913198
0.005441990895913198
0.005441990895913198
0.005441990895913198
0.0053992548670906285
0.0053992548670906285
0.0053992548670906285
0.0053992548670906285
0.0053992548670906285
0.0053992548670906285
0.0053992548670906285
0.0053992548670906285
0.0053992548670906285
0.0053992548670906285
0.0053992548670906285
0.0053992548670906285
0.0053992548670906285
0.0053992548670906285
0.0053992548670906285
0.0053992548670906285
0.0053992548670906285