0.005951502002202547 [89]
0.005951502002202547 [89]
0.005951502002202547 [89]
0.0057939950806590226 [42]
0.005704996301434361 [89]
0.005704996301434361 [89]
0.005704996301434361 [89]
0.005704996301434361 [89]
0.005704996301434361 [89]
0.005704996301434361 [89]
0.005704996301434361 [89]
0.005704996301434361 [89]
0.005704996301434361 [89]
0.005704996301434361 [89]
0.005704996301434361 [89]
0.005704996301434361 [89]
0.005704996301434361 [89]
0.005704996301434361 [89]
0.005704996301434361 [89]
0.005704996301434361 [89]
0.005704996301434361 [89]
0.005704996301434361 [89]
0.005704996301434361 [89]
0.005704996301434361 [89]
0.00567052300231388 [92]
0.00567052300231388 [92]
0.00567052300231388 [92]
0.00567052300231388 [92]
0.00567052300231388 [92]
0.00567052300231388 [92]
0.00567052300231388 [92]
0.005553722524872193 [51]
0.005553722524872193 [51]
0.005553722524872193 [51]
0.005553722524872193 [51]
0.005553722524872193 [51]
0.005553722524872193 [51]
0.005553722524872193 [51]
0.005553722524872193 [51]
0.005553722524872193 [51]
0.5290295358649789
