0.00580921324972923
0.005676459055393934
0.005676459055393934
0.005488214208386266
0.005488214208386266
0.005488214208386266
0.005488214208386266
0.005488214208386266
0.005488214208386266
0.005488214208386266
0.005488214208386266
0.005488214208386266
0.005488214208386266
0.005488214208386266
0.005488214208386266
0.005488214208386266
0.005477115959645464
0.005477115959645464
0.005477115959645464
0.005477115959645464
0.005477115959645464
0.005477115959645464
0.005477115959645464
0.005477115959645464
0.005477115959645464
0.005477115959645464
0.005477115959645464
0.005477115959645464
0.005477115959645464
0.005477115959645464
0.005477115959645464
0.005477115959645464
0.005477115959645464
0.005477115959645464
0.005477115959645464
0.005477115959645464
0.005477115959645464
0.005477115959645464
0.005477115959645464
0.005477115959645464
0.5918143459915611
