0.005897543822916655
0.005897543822916655
0.005704945239883203
0.005704945239883203
0.005704945239883203
0.005704945239883203
0.005704945239883203
0.005567712494387076
0.005567712494387076
0.005567712494387076
0.005567712494387076
0.005567712494387076
0.005567712494387076
0.005567712494387076
0.005567712494387076
0.005567712494387076
0.005567712494387076
0.005567712494387076
0.005567712494387076
0.005567712494387076
0.005567712494387076
0.005567712494387076
0.005567712494387076
0.005567712494387076
0.005567712494387076
0.005567712494387076
0.005567712494387076
0.005567712494387076
0.005338931671128823
0.005338931671128823
0.005338931671128823
0.005338931671128823
0.005338931671128823
0.005338931671128823
0.005338931671128823
0.005338931671128823
0.005338931671128823
0.005338931671128823
0.005338931671128823
0.005338931671128823
0.5650632911392405
