0.005741963915240306
0.005722975680747857
0.005722975680747857
0.005722975680747857
0.005722975680747857
0.005722975680747857
0.005722975680747857
0.005722975680747857
0.005722975680747857
0.005722975680747857
0.005722975680747857
0.005722975680747857
0.005722975680747857
0.005722975680747857
0.005722975680747857
0.005722975680747857
0.005722975680747857
0.005722975680747857
0.005722975680747857
0.005722975680747857
0.005722975680747857
0.005722975680747857
0.005722975680747857
0.00568815922507873
0.00568815922507873
0.00568815922507873
0.00568815922507873
0.00564589799166872
0.00564589799166872
0.00564589799166872
0.0054653320067490525
0.0054653320067490525
0.0054653320067490525
0.0054653320067490525
0.0054653320067490525
0.0054653320067490525
0.0054653320067490525
0.0054653320067490525
0.0054653320067490525
0.0054653320067490525
0.5269198312236287
