0.005944126643813574
0.00574717613366934
0.0057007720013364
0.0057007720013364
0.0057007720013364
0.0057007720013364
0.0057007720013364
0.0057007720013364
0.0057007720013364
0.0057007720013364
0.0057007720013364
0.0057007720013364
0.0057007720013364
0.0057007720013364
0.0057007720013364
0.0057007720013364
0.0057007720013364
0.0057007720013364
0.0057007720013364
0.005518144927918911
0.005518144927918911
0.005518144927918911
0.005518144927918911
0.005518144927918911
0.005518144927918911
0.005518144927918911
0.005518144927918911
0.005518144927918911
0.005518144927918911
0.005518144927918911
0.005518144927918911
0.005518144927918911
0.005518144927918911
0.005518144927918911
0.005518144927918911
0.005518144927918911
0.005518144927918911
0.005518144927918911
0.005518144927918911
0.005518144927918911
0.589957805907173
