0.005724767402101021
0.005724767402101021
0.005724767402101021
0.005656621920374723
0.005597960562087023
0.005597960562087023
0.005597960562087023
0.005597960562087023
0.005597960562087023
0.005597960562087023
0.005597960562087023
0.005597960562087023
0.005597960562087023
0.005597960562087023
0.005597960562087023
0.005597960562087023
0.005597960562087023
0.005597960562087023
0.005597960562087023
0.005597960562087023
0.005597960562087023
0.005597960562087023
0.005597960562087023
0.005597960562087023
0.005597960562087023
0.005597960562087023
0.005597960562087023
0.005597960562087023
0.005569242048435486
0.005569242048435486
0.005569242048435486
0.005569242048435486
0.005569242048435486
0.005569242048435486
0.005569242048435486
0.005569242048435486
0.005569242048435486
0.005569242048435486
0.005569242048435486
0.005569242048435486
0.58
