0.00579310473627769
0.00579310473627769
0.00579310473627769
0.005688401297307932
0.005651140478081428
0.005651140478081428
0.005651140478081428
0.005651140478081428
0.005651140478081428
0.005651140478081428
0.005651140478081428
0.005651140478081428
0.005585771698791247
0.005585771698791247
0.005585771698791247
0.005585771698791247
0.005585771698791247
0.005585771698791247
0.005585771698791247
0.005585771698791247
0.005585771698791247
0.005585771698791247
0.005585771698791247
0.005585771698791247
0.005585771698791247
0.005585771698791247
0.005585771698791247
0.005585771698791247
0.005585771698791247
0.005585771698791247
0.005585771698791247
0.005585771698791247
0.005585771698791247
0.005585771698791247
0.005585771698791247
0.005585771698791247
0.005585771698791247
0.005585771698791247
0.005585771698791247
0.005585771698791247
0.5652320675105486
