0.0042583692386097115 [72]
0.0042583692386097115 [72]
0.0042583692386097115 [72]
0.00416998148953458 [64]
0.00416998148953458 [64]
0.00416998148953458 [64]
0.00416998148953458 [64]
0.00416998148953458 [64]
0.00416998148953458 [64]
0.00416998148953458 [64]
0.00416998148953458 [64]
0.00416998148953458 [64]
0.00416998148953458 [64]
0.00416998148953458 [64]
0.00416998148953458 [64]
0.00416998148953458 [64]
0.00416998148953458 [64]
0.00416998148953458 [64]
0.00416998148953458 [64]
0.00416998148953458 [64]
0.00416998148953458 [64]
0.00416998148953458 [64]
0.00416998148953458 [64]
0.00416998148953458 [64]
0.00416998148953458 [64]
0.004101827193799479 [62]
0.004101827193799479 [62]
0.004101827193799479 [62]
0.004101827193799479 [62]
0.004101827193799479 [62]
0.004101827193799479 [62]
0.004101827193799479 [62]
0.004101827193799479 [62]
0.004101827193799479 [62]
0.004101827193799479 [62]
0.004101827193799479 [62]
0.004101827193799479 [62]
0.004101827193799479 [62]
0.004101827193799479 [62]
0.004101827193799479 [62]
ACC 0.7681422995031938
