0.004864313054376926 [31]
0.004864313054376926 [31]
0.004864313054376926 [31]
0.004864313054376926 [31]
0.004864313054376926 [31]
0.004864313054376926 [31]
0.004864313054376926 [31]
0.004827318171773874 [25]
0.004827318171773874 [25]
0.004827318171773874 [25]
0.0048188497261339325 [42]
0.0048188497261339325 [42]
0.0048188497261339325 [42]
0.0048188497261339325 [42]
0.0048188497261339325 [42]
0.0048188497261339325 [42]
0.0048188497261339325 [42]
0.0048188497261339325 [42]
0.0048188497261339325 [42]
0.0048188497261339325 [42]
0.0048188497261339325 [42]
0.0048188497261339325 [42]
0.0048188497261339325 [42]
0.0048188497261339325 [42]
0.0048188497261339325 [42]
0.0048188497261339325 [42]
0.0048188497261339325 [42]
0.0048188497261339325 [42]
0.0048188497261339325 [42]
0.0048188497261339325 [42]
0.0048188497261339325 [42]
0.0048188497261339325 [42]
0.0048188497261339325 [42]
0.0048188497261339325 [42]
0.0048188497261339325 [42]
0.0048188497261339325 [42]
0.0048188497261339325 [42]
0.0048188497261339325 [42]
0.0048188497261339325 [42]
0.0048188497261339325 [42]
ACC 0.7440117104329311
