0.005196290691263934
0.00494680975537117
0.00494680975537117
0.00494680975537117
0.00494680975537117
0.00494680975537117
0.00494680975537117
0.00494680975537117
0.00494680975537117
0.00494680975537117
0.00494680975537117
0.00494680975537117
0.00494680975537117
0.00494680975537117
0.00494680975537117
0.00494680975537117
0.004891701050415119
0.004891701050415119
0.004891701050415119
0.004891701050415119
0.004891701050415119
0.004891701050415119
0.004891701050415119
0.004891701050415119
0.004891701050415119
0.004891701050415119
0.004891701050415119
0.004891701050415119
0.004891701050415119
0.004891701050415119
0.004891701050415119
0.004891701050415119
0.004891701050415119
0.004853736951087203
0.004853736951087203
0.004853736951087203
0.004853736951087203
0.004853736951087203
0.004853736951087203
0.004853736951087203
0.5733333333333334
