0.004487278625634077 [65]
0.004308650467627016 [20]
0.004271743223654946 [93]
0.004271743223654946 [93]
0.004271743223654946 [93]
0.004271743223654946 [93]
0.004271743223654946 [93]
0.004271743223654946 [93]
0.004271743223654946 [93]
0.004271743223654946 [93]
0.004271743223654946 [93]
0.004271743223654946 [93]
0.004271743223654946 [93]
0.004271743223654946 [93]
0.004271743223654946 [93]
0.004271743223654946 [93]
0.004271743223654946 [93]
0.00425514613069222 [83]
0.00425514613069222 [83]
0.00425514613069222 [83]
0.00425514613069222 [83]
0.00425514613069222 [83]
0.004219155449516557 [85]
0.004219155449516557 [85]
0.004219155449516557 [85]
0.004219155449516557 [85]
0.004219155449516557 [85]
0.004219155449516557 [85]
0.004219155449516557 [85]
0.004219155449516557 [85]
0.004219155449516557 [85]
0.004219155449516557 [85]
0.004200921987814349 [84]
0.004200921987814349 [84]
0.004200921987814349 [84]
0.004200921987814349 [84]
0.004200921987814349 [84]
0.004200921987814349 [84]
0.004200921987814349 [84]
0.004200921987814349 [84]
ACC 0.79236160397445
