0.0043687527574190884
0.0043687527574190884
0.0043687527574190884
0.0043687527574190884
0.0043687527574190884
0.0043687527574190884
0.0043687527574190884
0.0043687527574190884
0.0043687527574190884
0.0043687527574190884
0.004261731556819598
0.004261731556819598
0.004261731556819598
0.004261731556819598
0.004261731556819598
0.00425898154061932
0.00425898154061932
0.004189211734699021
0.004189211734699021
0.004189211734699021
0.004189211734699021
0.004189211734699021
0.004189211734699021
0.004189211734699021
0.004189211734699021
0.004189211734699021
0.004189211734699021
0.004189211734699021
0.004189211734699021
0.004189211734699021
0.004189211734699021
0.004189211734699021
0.004189211734699021
0.004189211734699021
0.004189211734699021
0.004189211734699021
0.004189211734699021
0.004189211734699021
0.004189211734699021
0.004189211734699021
0.630295358649789
