0.004241613475504787 [38]
0.004241613475504787 [38]
0.004241613475504787 [38]
0.004241613475504787 [38]
0.004241613475504787 [38]
0.004241613475504787 [38]
0.004241613475504787 [38]
0.004241613475504787 [38]
0.004241613475504787 [38]
0.004241613475504787 [38]
0.004241613475504787 [38]
0.004241613475504787 [38]
0.004241613475504787 [38]
0.004241613475504787 [38]
0.004241613475504787 [38]
0.004241613475504787 [38]
0.004241613475504787 [38]
0.004241613475504787 [38]
0.004241613475504787 [38]
0.004241613475504787 [38]
0.004241613475504787 [38]
0.004241613475504787 [38]
0.004241613475504787 [38]
0.004241613475504787 [38]
0.004241613475504787 [38]
0.004241613475504787 [38]
0.004241613475504787 [38]
0.004241613475504787 [38]
0.004241613475504787 [38]
0.004241613475504787 [38]
0.004241613475504787 [38]
0.004241613475504787 [38]
0.004241613475504787 [38]
0.004241613475504787 [38]
0.004241613475504787 [38]
0.004241613475504787 [38]
0.004241613475504787 [38]
0.004241613475504787 [38]
0.004241613475504787 [38]
0.004241613475504787 [38]
ACC 0.6486075949367088
