0.0045552457834860316
0.0042441118986222565
0.0042441118986222565
0.0042441118986222565
0.0042441118986222565
0.0042441118986222565
0.0042441118986222565
0.0042441118986222565
0.0042441118986222565
0.0042441118986222565
0.0042441118986222565
0.0042441118986222565
0.0042441118986222565
0.0042441118986222565
0.0042441118986222565
0.0042441118986222565
0.0042441118986222565
0.0042441118986222565
0.0042441118986222565
0.0042441118986222565
0.0042441118986222565
0.0042441118986222565
0.0042441118986222565
0.0042441118986222565
0.0042441118986222565
0.0042441118986222565
0.0042441118986222565
0.0042441118986222565
0.0042441118986222565
0.0042441118986222565
0.0042441118986222565
0.0042441118986222565
0.0042441118986222565
0.0042441118986222565
0.0042441118986222565
0.0042441118986222565
0.0042441118986222565
0.0042441118986222565
0.0042441118986222565
0.0042441118986222565
0.600168776371308