0.004290297136858507
0.004290297136858507
0.004205089584336241
0.004118753996064918
0.004118753996064918
0.004118753996064918
0.004118753996064918
0.004118753996064918
0.004118753996064918
0.004118753996064918
0.004118753996064918
0.004118753996064918
0.004118753996064918
0.004118753996064918
0.004118753996064918
0.004118753996064918
0.004118753996064918
0.004118753996064918
0.004118753996064918
0.004118753996064918
0.004118753996064918
0.004118753996064918
0.004118753996064918
0.004118753996064918
0.004118753996064918
0.004118753996064918
0.004118753996064918
0.004118753996064918
0.004118753996064918
0.004118753996064918
0.004118753996064918
0.004118753996064918
0.004118753996064918
0.004118753996064918
0.004118753996064918
0.004118753996064918
0.004118753996064918
0.004118753996064918
0.004118753996064918
0.004118753996064918
0.7658356990773598