0.005313721854768294 [37]
0.005008899190865349 [49]
0.004980447789893578 [37]
0.004980447789893578 [37]
0.004980447789893578 [37]
0.004978376963757408 [73]
0.004978376963757408 [73]
0.004875888561135912 [55]
0.004875888561135912 [55]
0.004875888561135912 [55]
0.004875888561135912 [55]
0.004875888561135912 [55]
0.004875888561135912 [55]
0.004875888561135912 [55]
0.004875888561135912 [55]
0.004875888561135912 [55]
0.004875888561135912 [55]
0.004875888561135912 [55]
0.004875888561135912 [55]
0.004875888561135912 [55]
0.004875888561135912 [55]
0.004875888561135912 [55]
0.004875888561135912 [55]
0.004875888561135912 [55]
0.004875888561135912 [55]
0.004875888561135912 [55]
0.004875888561135912 [55]
0.004875888561135912 [55]
0.004875888561135912 [55]
0.004875888561135912 [55]
0.004875888561135912 [55]
0.004875888561135912 [55]
0.004875888561135912 [55]
0.004875888561135912 [55]
0.004875888561135912 [55]
0.004875888561135912 [55]
0.004875888561135912 [55]
0.004875888561135912 [55]
0.004875888561135912 [55]
0.004875888561135912 [55]
ACC 0.7606014904187367
