0.00453700924870269
0.004418701949698221
0.004395667323275917
0.004395667323275917
0.004395667323275917
0.004270429797465847
0.004270429797465847
0.004270429797465847
0.004270429797465847
0.004270429797465847
0.004270429797465847
0.004270429797465847
0.004270429797465847
0.004270429797465847
0.004270429797465847
0.004270429797465847
0.004270429797465847
0.004270429797465847
0.004270429797465847
0.004270429797465847
0.004270429797465847
0.004270429797465847
0.004270429797465847
0.004270429797465847
0.004270429797465847
0.004270429797465847
0.004270429797465847
0.004270429797465847
0.004270429797465847
0.004270429797465847
0.004270429797465847
0.004270429797465847
0.004270429797465847
0.004270429797465847
0.004270429797465847
0.004270429797465847
0.004270429797465847
0.004270429797465847
0.004270429797465847
0.004270429797465847
0.5929113924050633
