0.005024884751982008 [53]
0.005024884751982008 [53]
0.004972203193237492 [22]
0.004972203193237492 [22]
0.004972203193237492 [22]
0.004972203193237492 [22]
0.0046195661467341815 [52]
0.0046195661467341815 [52]
0.0046195661467341815 [52]
0.0046195661467341815 [52]
0.0046195661467341815 [52]
0.0046195661467341815 [52]
0.0046195661467341815 [52]
0.0046195661467341815 [52]
0.0046195661467341815 [52]
0.0046195661467341815 [52]
0.0046195661467341815 [52]
0.0046195661467341815 [52]
0.0046195661467341815 [52]
0.0046195661467341815 [52]
0.0046195661467341815 [52]
0.0046195661467341815 [52]
0.0046195661467341815 [52]
0.0046195661467341815 [52]
0.0046195661467341815 [52]
0.0046195661467341815 [52]
0.0046195661467341815 [52]
0.0046195661467341815 [52]
0.0046195661467341815 [52]
0.0046195661467341815 [52]
0.0046195661467341815 [52]
0.0046195661467341815 [52]
0.0046195661467341815 [52]
0.0046195661467341815 [52]
0.0046195661467341815 [52]
0.0046195661467341815 [52]
0.0046195661467341815 [52]
0.0046195661467341815 [52]
0.0046195661467341815 [52]
0.0046195661467341815 [52]
ACC 0.7348296664300923
