0.00520026918814198 [24]
0.00498007727168457 [24]
0.00498007727168457 [24]
0.004843180002334249 [117]
0.004843180002334249 [117]
0.004843180002334249 [117]
0.004843180002334249 [117]
0.004843180002334249 [117]
0.004843180002334249 [117]
0.004843180002334249 [117]
0.004843180002334249 [117]
0.004843180002334249 [117]
0.004843180002334249 [117]
0.004843180002334249 [117]
0.004843180002334249 [117]
0.0048403376121522535 [21]
0.0048403376121522535 [21]
0.0048403376121522535 [21]
0.0048403376121522535 [21]
0.004810783185394675 [33]
0.004810783185394675 [33]
0.004810783185394675 [33]
0.004810783185394675 [33]
0.004810783185394675 [33]
0.004810783185394675 [33]
0.004810783185394675 [33]
0.004810783185394675 [33]
0.004810783185394675 [33]
0.004810783185394675 [33]
0.004810783185394675 [33]
0.004810783185394675 [33]
0.004810783185394675 [33]
0.004810783185394675 [33]
0.004810783185394675 [33]
0.004810783185394675 [33]
0.004810783185394675 [33]
0.004810783185394675 [33]
0.004810783185394675 [33]
0.004810783185394675 [33]
0.004810783185394675 [33]
ACC 0.5668354430379747
