0.005082021102195114 [88]
0.004886203573568739 [65]
0.004886203573568739 [65]
0.004886203573568739 [65]
0.004886203573568739 [65]
0.004886203573568739 [65]
0.004886203573568739 [65]
0.004886203573568739 [65]
0.004886203573568739 [65]
0.004886203573568739 [65]
0.004886203573568739 [65]
0.004886203573568739 [65]
0.004886203573568739 [65]
0.004886203573568739 [65]
0.004886203573568739 [65]
0.004886203573568739 [65]
0.004886203573568739 [65]
0.004886203573568739 [65]
0.004886203573568739 [65]
0.004886203573568739 [65]
0.004886203573568739 [65]
0.004886203573568739 [65]
0.004886203573568739 [65]
0.004886203573568739 [65]
0.004886203573568739 [65]
0.004886203573568739 [65]
0.004886203573568739 [65]
0.004886203573568739 [65]
0.004886203573568739 [65]
0.004886203573568739 [65]
0.004886203573568739 [65]
0.004886203573568739 [65]
0.004886203573568739 [65]
0.004886203573568739 [65]
0.004886203573568739 [65]
0.004886203573568739 [65]
0.004886203573568739 [65]
0.004886203573568739 [65]
0.004886203573568739 [65]
0.004886203573568739 [65]
ACC 0.5554430379746835
