0.004540951849805837 [82]
0.00452288336873054 [82]
0.00452288336873054 [82]
0.00440702316971669 [101]
0.00440702316971669 [101]
0.00440702316971669 [101]
0.00438157953226581 [98]
0.004351673883130456 [27]
0.004310749723842406 [17]
0.004310749723842406 [17]
0.004310749723842406 [17]
0.004310749723842406 [17]
0.004310749723842406 [17]
0.004308244851772725 [66]
0.004308244851772725 [66]
0.004308244851772725 [66]
0.004308244851772725 [66]
0.004308244851772725 [66]
0.004308244851772725 [66]
0.004308244851772725 [66]
0.004308244851772725 [66]
0.004308244851772725 [66]
0.004308244851772725 [66]
0.004308244851772725 [66]
0.004308244851772725 [66]
0.004308244851772725 [66]
0.004136821528174158 [108]
0.004136821528174158 [108]
0.004136821528174158 [108]
0.004136821528174158 [108]
0.004136821528174158 [108]
0.004136821528174158 [108]
0.004136821528174158 [108]
0.004136821528174158 [108]
0.004136821528174158 [108]
0.004136821528174158 [108]
0.004136821528174158 [108]
0.004136821528174158 [108]
0.004136821528174158 [108]
0.004136821528174158 [108]
ACC 0.6275949367088608
