0.0039870501356689654 [56]
0.0039870501356689654 [56]
0.0039870501356689654 [56]
0.0039870501356689654 [56]
0.0039870501356689654 [56]
0.0039870501356689654 [56]
0.0039870501356689654 [56]
0.0039870501356689654 [56]
0.0039870501356689654 [56]
0.0039870501356689654 [56]
0.0039870501356689654 [56]
0.0039870501356689654 [56]
0.0039870501356689654 [56]
0.0039870501356689654 [56]
0.0039870501356689654 [56]
0.0039870501356689654 [56]
0.0039870501356689654 [56]
0.0039870501356689654 [56]
0.0039870501356689654 [56]
0.0039870501356689654 [56]
0.0039870501356689654 [56]
0.0039870501356689654 [56]
0.0039870501356689654 [56]
0.0039870501356689654 [56]
0.0039870501356689654 [56]
0.0039870501356689654 [56]
0.0039870501356689654 [56]
0.0039870501356689654 [56]
0.0039870501356689654 [56]
0.0039870501356689654 [56]
0.0039870501356689654 [56]
0.0039870501356689654 [56]
0.0039870501356689654 [56]
0.0039870501356689654 [56]
0.0039870501356689654 [56]
0.0039870501356689654 [56]
0.0039870501356689654 [56]
0.0039870501356689654 [56]
0.0039870501356689654 [56]
0.0039870501356689654 [56]
ACC 0.7764371894960965
