0.004402632298637802 [94]
0.004402632298637802 [94]
0.004395320083526611 [45]
0.004395320083526611 [45]
0.004333047707268541 [97]
0.004333047707268541 [97]
0.004333047707268541 [97]
0.004302509629420755 [73]
0.004302509629420755 [73]
0.004302509629420755 [73]
0.004302509629420755 [73]
0.004302509629420755 [73]
0.004302509629420755 [73]
0.004291970690364739 [102]
0.004184192831913278 [89]
0.004184192831913278 [89]
0.004184192831913278 [89]
0.004184192831913278 [89]
0.004184192831913278 [89]
0.004184192831913278 [89]
0.004184192831913278 [89]
0.004184192831913278 [89]
0.004184192831913278 [89]
0.004150896336553863 [51]
0.004150896336553863 [51]
0.004150896336553863 [51]
0.004150896336553863 [51]
0.004150896336553863 [51]
0.004150896336553863 [51]
0.004150896336553863 [51]
0.004150896336553863 [51]
0.004150896336553863 [51]
0.004150896336553863 [51]
0.004150896336553863 [51]
0.004150896336553863 [51]
0.004150896336553863 [51]
0.004150896336553863 [51]
0.004150896336553863 [51]
0.004150896336553863 [51]
0.004150896336553863 [51]
ACC 0.8082416607523066
