0.005092155423947032 [76]
0.005059634303870184 [34]
0.004807269922434022 [80]
0.004807269922434022 [80]
0.004807269922434022 [80]
0.004807269922434022 [80]
0.004807269922434022 [80]
0.004807269922434022 [80]
0.004807269922434022 [80]
0.004807269922434022 [80]
0.004807269922434022 [80]
0.004807269922434022 [80]
0.004807269922434022 [80]
0.004807269922434022 [80]
0.004807269922434022 [80]
0.004807269922434022 [80]
0.004807269922434022 [80]
0.004807269922434022 [80]
0.004807269922434022 [80]
0.004807269922434022 [80]
0.004807269922434022 [80]
0.004807269922434022 [80]
0.004807269922434022 [80]
0.004807269922434022 [80]
0.004807269922434022 [80]
0.004807269922434022 [80]
0.004807269922434022 [80]
0.004807269922434022 [80]
0.004807269922434022 [80]
0.004807269922434022 [80]
0.004807269922434022 [80]
0.004807269922434022 [80]
0.004807269922434022 [80]
0.004807269922434022 [80]
0.004807269922434022 [80]
0.004807269922434022 [80]
0.004807269922434022 [80]
0.004807269922434022 [80]
0.004807269922434022 [80]
0.004807269922434022 [80]
ACC 0.7837118523775728
