0.005139420399886015 [48]
0.004905234705435455 [67]
0.004905234705435455 [67]
0.004905234705435455 [67]
0.004905234705435455 [67]
0.004905234705435455 [67]
0.004905234705435455 [67]
0.004905234705435455 [67]
0.004905234705435455 [67]
0.004905234705435455 [67]
0.004905234705435455 [67]
0.004905234705435455 [67]
0.004905234705435455 [67]
0.004905234705435455 [67]
0.004905234705435455 [67]
0.004905234705435455 [67]
0.004905234705435455 [67]
0.004905234705435455 [67]
0.004905234705435455 [67]
0.004905234705435455 [67]
0.004905234705435455 [67]
0.0048977385416555975 [25]
0.0048977385416555975 [25]
0.0048977385416555975 [25]
0.0048977385416555975 [25]
0.0048977385416555975 [25]
0.0048977385416555975 [25]
0.0048977385416555975 [25]
0.0048977385416555975 [25]
0.0048977385416555975 [25]
0.004822280268370714 [27]
0.004822280268370714 [27]
0.004822280268370714 [27]
0.004822280268370714 [27]
0.004822280268370714 [27]
0.004822280268370714 [27]
0.004822280268370714 [27]
0.004790175324005408 [47]
0.004790175324005408 [47]
0.004790175324005408 [47]
ACC 0.5515611814345992
