0.004402632298637802
0.004402632298637802
0.004395320083526611
0.004395320083526611
0.004333047707268541
0.004333047707268541
0.004333047707268541
0.004302509629420755
0.004302509629420755
0.004302509629420755
0.004302509629420755
0.004302509629420755
0.004302509629420755
0.004291970690364739
0.004184192831913278
0.004184192831913278
0.004184192831913278
0.004184192831913278
0.004184192831913278
0.004184192831913278
0.004184192831913278
0.004184192831913278
0.004184192831913278
0.004150896336553863
0.004150896336553863
0.004150896336553863
0.004150896336553863
0.004150896336553863
0.004150896336553863
0.004150896336553863
0.004150896336553863
0.004150896336553863
0.004150896336553863
0.004150896336553863
0.004150896336553863
0.004150896336553863
0.004150896336553863
0.004150896336553863
0.004150896336553863
0.004150896336553863
0.8082416607523066
