0.005117788791837279
0.005117788791837279
0.005114204238638984
0.004953691204802373
0.0049264001909822405
0.0048053863276185564
0.0048053863276185564
0.0048053863276185564
0.0048053863276185564
0.0048053863276185564
0.0048053863276185564
0.0048053863276185564
0.0048053863276185564
0.0048053863276185564
0.0048053863276185564
0.0048053863276185564
0.0048053863276185564
0.0048053863276185564
0.0048053863276185564
0.0048053863276185564
0.0048053863276185564
0.0048053863276185564
0.0048053863276185564
0.0048053863276185564
0.0048053863276185564
0.0048053863276185564
0.0048053863276185564
0.0048053863276185564
0.0048053863276185564
0.0048053863276185564
0.0048053863276185564
0.0048053863276185564
0.0048053863276185564
0.0048053863276185564
0.0048053863276185564
0.0048053863276185564
0.0048053863276185564
0.0048053863276185564
0.0048053863276185564
0.0048053863276185564
0.74152767920511
