0.005313721854768294
0.005008899190865349
0.004980447789893578
0.004980447789893578
0.004980447789893578
0.004978376963757408
0.004978376963757408
0.004875888561135912
0.004875888561135912
0.004875888561135912
0.004875888561135912
0.004875888561135912
0.004875888561135912
0.004875888561135912
0.004875888561135912
0.004875888561135912
0.004875888561135912
0.004875888561135912
0.004875888561135912
0.004875888561135912
0.004875888561135912
0.004875888561135912
0.004875888561135912
0.004875888561135912
0.004875888561135912
0.004875888561135912
0.004875888561135912
0.004875888561135912
0.004875888561135912
0.004875888561135912
0.004875888561135912
0.004875888561135912
0.004875888561135912
0.004875888561135912
0.004875888561135912
0.004875888561135912
0.004875888561135912
0.004875888561135912
0.004875888561135912
0.004875888561135912
0.7606014904187367
