0.00520026918814198
0.00498007727168457
0.00498007727168457
0.004843180002334249
0.004843180002334249
0.004843180002334249
0.004843180002334249
0.004843180002334249
0.004843180002334249
0.004843180002334249
0.004843180002334249
0.004843180002334249
0.004843180002334249
0.004843180002334249
0.004843180002334249
0.0048403376121522535
0.0048403376121522535
0.0048403376121522535
0.0048403376121522535
0.004810783185394675
0.004810783185394675
0.004810783185394675
0.004810783185394675
0.004810783185394675
0.004810783185394675
0.004810783185394675
0.004810783185394675
0.004810783185394675
0.004810783185394675
0.004810783185394675
0.004810783185394675
0.004810783185394675
0.004810783185394675
0.004810783185394675
0.004810783185394675
0.004810783185394675
0.004810783185394675
0.004810783185394675
0.004810783185394675
0.004810783185394675
0.5668354430379747
