0.0042583692386097115
0.0042583692386097115
0.0042583692386097115
0.00416998148953458
0.00416998148953458
0.00416998148953458
0.00416998148953458
0.00416998148953458
0.00416998148953458
0.00416998148953458
0.00416998148953458
0.00416998148953458
0.00416998148953458
0.00416998148953458
0.00416998148953458
0.00416998148953458
0.00416998148953458
0.00416998148953458
0.00416998148953458
0.00416998148953458
0.00416998148953458
0.00416998148953458
0.00416998148953458
0.00416998148953458
0.00416998148953458
0.004101827193799479
0.004101827193799479
0.004101827193799479
0.004101827193799479
0.004101827193799479
0.004101827193799479
0.004101827193799479
0.004101827193799479
0.004101827193799479
0.004101827193799479
0.004101827193799479
0.004101827193799479
0.004101827193799479
0.004101827193799479
0.004101827193799479
0.7681422995031938
