0.0039870501356689654
0.0039870501356689654
0.0039870501356689654
0.0039870501356689654
0.0039870501356689654
0.0039870501356689654
0.0039870501356689654
0.0039870501356689654
0.0039870501356689654
0.0039870501356689654
0.0039870501356689654
0.0039870501356689654
0.0039870501356689654
0.0039870501356689654
0.0039870501356689654
0.0039870501356689654
0.0039870501356689654
0.0039870501356689654
0.0039870501356689654
0.0039870501356689654
0.0039870501356689654
0.0039870501356689654
0.0039870501356689654
0.0039870501356689654
0.0039870501356689654
0.0039870501356689654
0.0039870501356689654
0.0039870501356689654
0.0039870501356689654
0.0039870501356689654
0.0039870501356689654
0.0039870501356689654
0.0039870501356689654
0.0039870501356689654
0.0039870501356689654
0.0039870501356689654
0.0039870501356689654
0.0039870501356689654
0.0039870501356689654
0.0039870501356689654
0.7764371894960965
