0.0052328103113455085
0.00500590986727488
0.00500590986727488
0.00500590986727488
0.00500590986727488
0.00500590986727488
0.00500590986727488
0.0049388884862057334
0.0049388884862057334
0.004879157377029608
0.004879157377029608
0.004879157377029608
0.004879157377029608
0.004879157377029608
0.004879157377029608
0.004879157377029608
0.004879157377029608
0.004879157377029608
0.004879157377029608
0.004879157377029608
0.004879157377029608
0.004879157377029608
0.004879157377029608
0.004879157377029608
0.004879157377029608
0.004879157377029608
0.004879157377029608
0.004879157377029608
0.004879157377029608
0.004879157377029608
0.004879157377029608
0.004879157377029608
0.004879157377029608
0.004879157377029608
0.004879157377029608
0.004879157377029608
0.004879157377029608
0.004879157377029608
0.004879157377029608
0.004879157377029608
0.5106329113924051
