0.004487278625634077
0.004308650467627016
0.004271743223654946
0.004271743223654946
0.004271743223654946
0.004271743223654946
0.004271743223654946
0.004271743223654946
0.004271743223654946
0.004271743223654946
0.004271743223654946
0.004271743223654946
0.004271743223654946
0.004271743223654946
0.004271743223654946
0.004271743223654946
0.004271743223654946
0.00425514613069222
0.00425514613069222
0.00425514613069222
0.00425514613069222
0.00425514613069222
0.004219155449516557
0.004219155449516557
0.004219155449516557
0.004219155449516557
0.004219155449516557
0.004219155449516557
0.004219155449516557
0.004219155449516557
0.004219155449516557
0.004219155449516557
0.004200921987814349
0.004200921987814349
0.004200921987814349
0.004200921987814349
0.004200921987814349
0.004200921987814349
0.004200921987814349
0.004200921987814349
0.79236160397445
