0.021057887002825737
0.020182769745588303
0.01874828338623047
0.01874828338623047
0.015165704302489758
0.015165704302489758
0.015165704302489758
0.014746852219104767
0.014746852219104767
0.014746852219104767
0.014746852219104767
0.014746852219104767
0.014746852219104767
0.014746852219104767
0.014746852219104767
0.014746852219104767
0.014746852219104767
0.014746852219104767
0.014746852219104767
0.014746852219104767
0.014746852219104767
0.014746852219104767
0.014746852219104767
0.014746852219104767
0.014746852219104767
0.014746852219104767
0.014746852219104767
0.014746852219104767
0.014746852219104767
0.014746852219104767
0.014746852219104767
0.014746852219104767
0.014746852219104767
0.014746852219104767
0.014746852219104767
0.014746852219104767
0.014746852219104767
0.014746852219104767
0.014746852219104767
0.014746852219104767
0.9189110983220214
