0.021237943321466446
0.01831885613501072
0.01831885613501072
0.01831885613501072
0.01831885613501072
0.01831885613501072
0.01831885613501072
0.01767992414534092
0.01767992414534092
0.01767992414534092
0.01767992414534092
0.01767992414534092
0.01767992414534092
0.01767992414534092
0.01767992414534092
0.01767992414534092
0.01767992414534092
0.01767992414534092
0.01767992414534092
0.01767992414534092
0.01767992414534092
0.01767992414534092
0.01767992414534092
0.01566229574382305
0.01566229574382305
0.01566229574382305
0.015221350826323032
0.015221350826323032
0.015221350826323032
0.015221350826323032
0.015221350826323032
0.014392716810107231
0.014392716810107231
0.014392716810107231
0.014392716810107231
0.014392716810107231
0.014392716810107231
0.014392716810107231
0.014392716810107231
0.014392716810107231
0.9200878374685318
