0.012302734889090061
0.012302734889090061
0.00965434405952692
0.00965434405952692
0.00965434405952692
0.00965434405952692
0.00965434405952692
0.00965434405952692
0.00965434405952692
0.00965434405952692
0.00965434405952692
0.00965434405952692
0.00965434405952692
0.00965434405952692
0.009012381546199322
0.009012381546199322
0.009012381546199322
0.009012381546199322
0.009012381546199322
0.009012381546199322
0.009012381546199322
0.009012381546199322
0.009012381546199322
0.009012381546199322
0.009012381546199322
0.009012381546199322
0.009012381546199322
0.009012381546199322
0.009012381546199322
0.009012381546199322
0.009012381546199322
0.009012381546199322
0.009012381546199322
0.008691828697919846
0.008691828697919846
0.008691828697919846
0.008691828697919846
0.008691828697919846
0.008691828697919846
0.008691828697919846
0.9218079343083764
