0.019460197538137436
0.019460197538137436
0.019460197538137436
0.019460197538137436
0.019235938787460327
0.014796989038586617
0.014796989038586617
0.014796989038586617
0.014796989038586617
0.014796989038586617
0.014796989038586617
0.014796989038586617
0.014796989038586617
0.014796989038586617
0.014796989038586617
0.014796989038586617
0.014796989038586617
0.014796989038586617
0.014796989038586617
0.014796989038586617
0.014796989038586617
0.014796989038586617
0.014796989038586617
0.014796989038586617
0.014796989038586617
0.014796989038586617
0.014796989038586617
0.014796989038586617
0.014796989038586617
0.014796989038586617
0.014796989038586617
0.014796989038586617
0.014796989038586617
0.014796989038586617
0.014796989038586617
0.014796989038586617
0.014796989038586617
0.014796989038586617
0.014796989038586617
0.014796989038586617
0.9197502483691231
