0.010310848243534565
0.010310848243534565
0.010310848243534565
0.010310848243534565
0.010310848243534565
0.010310848243534565
0.010310848243534565
0.010310848243534565
0.010310848243534565
0.010310848243534565
0.00955896731466055
0.00955896731466055
0.00955896731466055
0.00955896731466055
0.00955896731466055
0.00955896731466055
0.00955896731466055
0.00955896731466055
0.00955896731466055
0.00955896731466055
0.00955896731466055
0.00955896731466055
0.00955896731466055
0.00955896731466055
0.00955896731466055
0.008719779551029205
0.008719779551029205
0.008719779551029205
0.008719779551029205
0.008719779551029205
0.008719779551029205
0.008719779551029205
0.008719779551029205
0.008719779551029205
0.008719779551029205
0.008719779551029205
0.008719779551029205
0.008719779551029205
0.008719779551029205
0.008719779551029205
0.9227660443238412
