0.02441108226776123
0.016867753118276596
0.016867753118276596
0.016867753118276596
0.016539687290787697
0.016539687290787697
0.016539687290787697
0.016539687290787697
0.016539687290787697
0.016539687290787697
0.016539687290787697
0.016539687290787697
0.015882400795817375
0.015882400795817375
0.015882400795817375
0.015882400795817375
0.015882400795817375
0.015882400795817375
0.015882400795817375
0.015882400795817375
0.015882400795817375
0.015882400795817375
0.015882400795817375
0.015882400795817375
0.015882400795817375
0.015882400795817375
0.015882400795817375
0.015882400795817375
0.015882400795817375
0.015882400795817375
0.015882400795817375
0.015882400795817375
0.015882400795817375
0.015882400795817375
0.015882400795817375
0.015882400795817375
0.015882400795817375
0.015882400795817375
0.015882400795817375
0.015882400795817375
0.9189818312761833
