0.02123015560209751
0.02123015560209751
0.02123015560209751
0.0186446700245142
0.0186446700245142
0.0186446700245142
0.0186446700245142
0.017799079418182373
0.017799079418182373
0.017799079418182373
0.017799079418182373
0.017799079418182373
0.017799079418182373
0.017799079418182373
0.017799079418182373
0.017799079418182373
0.017799079418182373
0.017799079418182373
0.017799079418182373
0.017799079418182373
0.017799079418182373
0.017424773424863815
0.017424773424863815
0.017424773424863815
0.017424773424863815
0.017424773424863815
0.017424773424863815
0.017424773424863815
0.017424773424863815
0.017424773424863815
0.017424773424863815
0.017211847007274628
0.017211847007274628
0.017211847007274628
0.017211847007274628
0.017211847007274628
0.017211847007274628
0.017211847007274628
0.017211847007274628
0.017211847007274628
0.9187632021451376
