0.02440498396754265
0.022872887551784515
0.021024031564593315
0.020591283217072487
0.020115725696086884
0.01872503198683262
0.01872503198683262
0.01872503198683262
0.01872503198683262
0.01872503198683262
0.01872503198683262
0.01872503198683262
0.015703272074460983
0.015703272074460983
0.015703272074460983
0.015703272074460983
0.015703272074460983
0.015703272074460983
0.015703272074460983
0.015703272074460983
0.015703272074460983
0.015703272074460983
0.015703272074460983
0.015703272074460983
0.015703272074460983
0.015703272074460983
0.015703272074460983
0.015703272074460983
0.015703272074460983
0.015703272074460983
0.015703272074460983
0.015703272074460983
0.015703272074460983
0.015703272074460983
0.015703272074460983
0.015703272074460983
0.015703272074460983
0.015703272074460983
0.015703272074460983
0.015703272074460983
0.9201810763626543
