0.012283463031053543
0.012283463031053543
0.012228387407958508
0.012228387407958508
0.012228387407958508
0.012228387407958508
0.011213934980332851
0.011213934980332851
0.010909889824688435
0.010909889824688435
0.010909889824688435
0.010909889824688435
0.010909889824688435
0.010909889824688435
0.009628831408917904
0.009628831408917904
0.009628831408917904
0.009628831408917904
0.009628831408917904
0.009628831408917904
0.009628831408917904
0.009628831408917904
0.009628831408917904
0.009628831408917904
0.009628831408917904
0.009628831408917904
0.009628831408917904
0.009628831408917904
0.009628831408917904
0.009628831408917904
0.009628831408917904
0.009628831408917904
0.009628831408917904
0.009628831408917904
0.009628831408917904
0.00845259241759777
0.00845259241759777
0.00845259241759777
0.00845259241759777
0.00845259241759777
0.9229364464406856
