0.01310733426362276
0.009377030655741692
0.009377030655741692
0.009377030655741692
0.009377030655741692
0.009377030655741692
0.009377030655741692
0.009377030655741692
0.009377030655741692
0.009377030655741692
0.009377030655741692
0.009377030655741692
0.009377030655741692
0.009377030655741692
0.009377030655741692
0.009377030655741692
0.009377030655741692
0.009377030655741692
0.009377030655741692
0.009377030655741692
0.009377030655741692
0.009377030655741692
0.009377030655741692
0.009377030655741692
0.009377030655741692
0.009377030655741692
0.009377030655741692
0.009377030655741692
0.009377030655741692
0.009377030655741692
0.009377030655741692
0.009377030655741692
0.009377030655741692
0.009377030655741692
0.009377030655741692
0.009377030655741692
0.009377030655741692
0.009377030655741692
0.009377030655741692
0.009377030655741692
0.9221165871992644
