0.021897856146097183
0.020440896973013878
0.020440896973013878
0.020440896973013878
0.020440896973013878
0.020440896973013878
0.020440896973013878
0.020440896973013878
0.020440896973013878
0.0203674528747797
0.0203674528747797
0.0203674528747797
0.0203674528747797
0.0203674528747797
0.0203674528747797
0.018594752997159958
0.018594752997159958
0.018594752997159958
0.018594752997159958
0.018594752997159958
0.018594752997159958
0.018594752997159958
0.018594752997159958
0.018594752997159958
0.018594752997159958
0.018594752997159958
0.018594752997159958
0.018594752997159958
0.01795249618589878
0.01795249618589878
0.01795249618589878
0.01795249618589878
0.01795249618589878
0.01795249618589878
0.01795249618589878
0.016854824498295784
0.016854824498295784
0.016854824498295784
0.016854824498295784
0.016854824498295784
0.9198949294117269
