0.01547335833311081
0.014321483671665192
0.012455499731004238
0.010754340328276157
0.010754340328276157
0.010754340328276157
0.010754340328276157
0.010754340328276157
0.010754340328276157
0.010754340328276157
0.010754340328276157
0.010754340328276157
0.010446381755173206
0.010446381755173206
0.010446381755173206
0.010446381755173206
0.010446381755173206
0.010446381755173206
0.010446381755173206
0.010446381755173206
0.010446381755173206
0.009125882759690285
0.009125882759690285
0.009125882759690285
0.009125882759690285
0.009125882759690285
0.009125882759690285
0.009125882759690285
0.009125882759690285
0.009125882759690285
0.009125882759690285
0.009125882759690285
0.009125882759690285
0.009125882759690285
0.009125882759690285
0.009125882759690285
0.009125882759690285
0.009125882759690285
0.009125882759690285
0.009125882759690285
0.9238109629648682
