0.012150002643465996
0.010660260915756226
0.010660260915756226
0.010660260915756226
0.009190014563500881
0.009190014563500881
0.009190014563500881
0.009190014563500881
0.009190014563500881
0.009190014563500881
0.009190014563500881
0.009190014563500881
0.009190014563500881
0.009190014563500881
0.009190014563500881
0.009190014563500881
0.009190014563500881
0.009190014563500881
0.009190014563500881
0.009190014563500881
0.009190014563500881
0.009190014563500881
0.009190014563500881
0.009190014563500881
0.009190014563500881
0.009190014563500881
0.009190014563500881
0.009190014563500881
0.009190014563500881
0.009190014563500881
0.009190014563500881
0.009190014563500881
0.009190014563500881
0.009190014563500881
0.009190014563500881
0.009190014563500881
0.009190014563500881
0.009190014563500881
0.009190014563500881
0.009190014563500881
0.9228914345607644
