0.018533313646912575
0.018533313646912575
0.018533313646912575
0.018533313646912575
0.018533313646912575
0.018533313646912575
0.018533313646912575
0.01751767285168171
0.01751767285168171
0.01751767285168171
0.01751767285168171
0.01751767285168171
0.01751767285168171
0.01751767285168171
0.01751767285168171
0.01751767285168171
0.01751767285168171
0.01751767285168171
0.01751767285168171
0.01751767285168171
0.01751767285168171
0.01751767285168171
0.01751767285168171
0.01751767285168171
0.01751767285168171
0.01751767285168171
0.01751767285168171
0.01751767285168171
0.01751767285168171
0.01751767285168171
0.01751767285168171
0.01751767285168171
0.01751767285168171
0.01751767285168171
0.01751767285168171
0.01751767285168171
0.01751767285168171
0.01751767285168171
0.01751767285168171
0.01751767285168171
0.9191040063788264
