0.014706344343721867
0.01104538794606924
0.01104538794606924
0.01104538794606924
0.01104538794606924
0.01104538794606924
0.010326525196433067
0.010326525196433067
0.010326525196433067
0.010326525196433067
0.010326525196433067
0.010326525196433067
0.010326525196433067
0.010326525196433067
0.010326525196433067
0.010326525196433067
0.010326525196433067
0.010326525196433067
0.010326525196433067
0.010326525196433067
0.010326525196433067
0.010326525196433067
0.010326525196433067
0.010326525196433067
0.010326525196433067
0.010326525196433067
0.010326525196433067
0.010326525196433067
0.010326525196433067
0.010326525196433067
0.010326525196433067
0.010326525196433067
0.010326525196433067
0.010326525196433067
0.010326525196433067
0.010326525196433067
0.010326525196433067
0.010326525196433067
0.010326525196433067
0.010326525196433067
0.9216214565201316
