0.016072547063231468
0.012824543751776218
0.012824543751776218
0.012824543751776218
0.012602224014699459
0.012602224014699459
0.012602224014699459
0.011096788570284843
0.011096788570284843
0.011096788570284843
0.011096788570284843
0.011080172844231129
0.011080172844231129
0.010985062457621098
0.010985062457621098
0.010985062457621098
0.010985062457621098
0.010985062457621098
0.010985062457621098
0.010489989072084427
0.010489989072084427
0.009322086349129677
0.009322086349129677
0.009322086349129677
0.009322086349129677
0.009322086349129677
0.009322086349129677
0.009322086349129677
0.009322086349129677
0.009322086349129677
0.009322086349129677
0.009322086349129677
0.009322086349129677
0.009322086349129677
0.009322086349129677
0.009322086349129677
0.009322086349129677
0.009322086349129677
0.009322086349129677
0.009322086349129677
0.9229911037234471
