0.0009755254719984641
0.0009755254719984641
0.0009335267464265429
0.0008678867709618893
0.0008678867709618893
0.0008678867709618893
0.0008678867709618893
0.0008678867709618893
0.0008678867709618893
0.0008678867709618893
0.0008678867709618893
0.0008678867709618893
0.0008654987733190578
0.0008654987733190578
0.0008172686707563126
0.0008172686707563126
0.0008172686707563126
0.0008172686707563126
0.0008172686707563126
0.0008172686707563126
0.0008172686707563126
0.0008172686707563126
0.0008015090536578757
0.0008015090536578757
0.0008015090536578757
0.0008015090536578757
0.0008015090536578757
0.0008015090536578757
0.0008015090536578757
0.0008015090536578757
0.0008015090536578757
0.0008015090536578757
0.0008015090536578757
0.0008015090536578757
0.0008015090536578757
0.0008015090536578757
0.0008015090536578757
0.0008015090536578757
0.0008015090536578757
0.0008015090536578757
0.9248172999945343
