0.0010911579457056105
0.0010911579457056105
0.0010119510106881132
0.0010119510106881132
0.0009615161011605648
0.0009615161011605648
0.0009615161011605648
0.0009615161011605648
0.0009615161011605648
0.0009615161011605648
0.0009615161011605648
0.0009615161011605648
0.0009554142243311847
0.0009554142243311847
0.0009554142243311847
0.0009554142243311847
0.0009554142243311847
0.0009554142243311847
0.0009512460584215278
0.0009512460584215278
0.0009512460584215278
0.0009512460584215278
0.0009512460584215278
0.0009512460584215278
0.0009512460584215278
0.0009512460584215278
0.0009512460584215278
0.0009512460584215278
0.0009512460584215278
0.0009512460584215278
0.0009512460584215278
0.0009512460584215278
0.0009512460584215278
0.0009512460584215278
0.000939166283550803
0.000939166283550803
0.000939166283550803
0.000939166283550803
0.000939166283550803
0.000939166283550803
0.920869115098592