0.0011937380700603939
0.0009764981729948721
0.0009764981729948721
0.0009764981729948721
0.0009764981729948721
0.0009764981729948721
0.0009764981729948721
0.0009764981729948721
0.0009764981729948721
0.0009764981729948721
0.0009764981729948721
0.0009764981729948721
0.0009764981729948721
0.0009764981729948721
0.0009764981729948721
0.0009764981729948721
0.0009764981729948721
0.0009764981729948721
0.0009764981729948721
0.0009764981729948721
0.0009764981729948721
0.0009764981729948721
0.0008916587618915669
0.0008916587618915669
0.0008916587618915669
0.0008916587618915669
0.0008916587618915669
0.0008916587618915669
0.0008916587618915669
0.0008916587618915669
0.0008916587618915669
0.0008916587618915669
0.0008916587618915669
0.0008916587618915669
0.0008916587618915669
0.0008916587618915669
0.0008916587618915669
0.0008916587618915669
0.0008916587618915669
0.0008916587618915669
0.9199978137086895