0.0011073758684122562
0.0009979995315508028
0.0009979995315508028
0.0009979995315508028
0.0009979995315508028
0.0009979995315508028
0.0009979995315508028
0.0009644112799901035
0.0009644112799901035
0.0009644112799901035
0.0009644112799901035
0.0009644112799901035
0.0009644112799901035
0.0009644112799901035
0.0009644112799901035
0.0009644112799901035
0.0009644112799901035
0.0009644112799901035
0.0009644112799901035
0.0009644112799901035
0.0009644112799901035
0.0009644112799901035
0.0009644112799901035
0.0009644112799901035
0.0009644112799901035
0.0009644112799901035
0.0009644112799901035
0.0009644112799901035
0.0009644112799901035
0.0009644112799901035
0.0009644112799901035
0.0009644112799901035
0.0009644112799901035
0.0009644112799901035
0.0009644112799901035
0.0009644112799901035
0.0009644112799901035
0.0009644112799901035
0.0009644112799901035
0.0009644112799901035
0.9197309575634426
