0.0010444160945655846
0.0010444160945655846
0.0009905189276658735
0.0009392873655560323
0.0009392873655560323
0.0009392873655560323
0.0009392873655560323
0.0009392873655560323
0.0009392873655560323
0.0009392873655560323
0.0009392873655560323
0.0009392873655560323
0.0009392873655560323
0.0009392873655560323
0.0009392873655560323
0.0009392873655560323
0.0009392873655560323
0.0009392873655560323
0.0009392873655560323
0.0009392873655560323
0.0009392873655560323
0.0009392873655560323
0.0009392873655560323
0.0009392873655560323
0.0009392873655560323
0.0009392873655560323
0.0009392873655560323
0.0009392873655560323
0.0009392873655560323
0.0009392873655560323
0.0009392873655560323
0.0009392873655560323
0.0009392873655560323
0.0009392873655560323
0.0009392873655560323
0.0009392873655560323
0.0009392873655560323
0.0009392873655560323
0.0009392873655560323
0.0009392873655560323
0.9214960662832083
