0.0009673884870730356
0.000963437237846512
0.0008463496135745255
0.0008463496135745255
0.0008463496135745255
0.0008463496135745255
0.0008463496135745255
0.0008463496135745255
0.0008463496135745255
0.0008463496135745255
0.0008463496135745255
0.0008463496135745255
0.0008463496135745255
0.0008463496135745255
0.0008463496135745255
0.0008463496135745255
0.0008463496135745255
0.0008463496135745255
0.0008463496135745255
0.0008463496135745255
0.0008463496135745255
0.0008463496135745255
0.0008463496135745255
0.0008463496135745255
0.0008463496135745255
0.0008450695196165501
0.0008365969120483215
0.0008365969120483215
0.0008365969120483215
0.0008365969120483215
0.0008365969120483215
0.0008365969120483215
0.0008365969120483215
0.0008365969120483215
0.0008365969120483215
0.0008365969120483215
0.0008365969120483215
0.0008365969120483215
0.0008365969120483215
0.0008365969120483215
0.9270035913049909
