0.0009694151049526661
0.0009694151049526661
0.0008336714260462056
0.0008336714260462056
0.0008336714260462056
0.0008336714260462056
0.0007804895708645331
0.0007804895708645331
0.0007804895708645331
0.0007804895708645331
0.0007804895708645331
0.0007804895708645331
0.0007804895708645331
0.0007766196505682281
0.0007766196505682281
0.0007766196505682281
0.0007766196505682281
0.0007766196505682281
0.0007719812885573455
0.0007719812885573455
0.0007719812885573455
0.0007719812885573455
0.0007719812885573455
0.0007719812885573455
0.0007719812885573455
0.0007719812885573455
0.0007719812885573455
0.0007719812885573455
0.0007719812885573455
0.0007719812885573455
0.0007719812885573455
0.0007719812885573455
0.0007719812885573455
0.0007719812885573455
0.0007719812885573455
0.0007719812885573455
0.0007719812885573455
0.0007719812885573455
0.0007719812885573455
0.0007719812885573455
0.9258204218899202
