0.000856446942922901
0.000856446942922901
0.000856446942922901
0.000856446942922901
0.0008455500001791029
0.0008442815014331536
0.0008442815014331536
0.0008442815014331536
0.0008442815014331536
0.0008409942616189854
0.0008409942616189854
0.0008409942616189854
0.0008409942616189854
0.0008409942616189854
0.0008409942616189854
0.0007362935996371524
0.0007362935996371524
0.0007362935996371524
0.0007362935996371524
0.0007362935996371524
0.0007362935996371524
0.0007362935996371524
0.0007362935996371524
0.0007362935996371524
0.0007362935996371524
0.0007362935996371524
0.0007362935996371524
0.0007362935996371524
0.0007362935996371524
0.0007362935996371524
0.0007362935996371524
0.0007362935996371524
0.0007362935996371524
0.0007362935996371524
0.0007362935996371524
0.0007362935996371524
0.0007362935996371524
0.0007362935996371524
0.0007362935996371524
0.0007362935996371524
0.9236437759823038
