0.0010069318792501572
0.0009517960798044346
0.0008471569802839748
0.0008471569802839748
0.0008471569802839748
0.0008471569802839748
0.0008471569802839748
0.0008471569802839748
0.0008471569802839748
0.0008471569802839748
0.0008471569802839748
0.0008471569802839748
0.0008471569802839748
0.0008471569802839748
0.0008471569802839748
0.0008471569802839748
0.0008471569802839748
0.0008471569802839748
0.0008471569802839748
0.0008471569802839748
0.0008242903492577892
0.0008242903492577892
0.0008242903492577892
0.0008242903492577892
0.0008242903492577892
0.0008242903492577892
0.0008242903492577892
0.0008242903492577892
0.0008242903492577892
0.0008242903492577892
0.0008242903492577892
0.0008242903492577892
0.0008242903492577892
0.0008242903492577892
0.0008242903492577892
0.0008242903492577892
0.0008242903492577892
0.0008242903492577892
0.0007822280542395225
0.0007822280542395225
0.9248365908002147