0.001090365889330276
0.0009854634706097012
0.0009854634706097012
0.0009854634706097012
0.0009854634706097012
0.0009854634706097012
0.0009854634706097012
0.0009854634706097012
0.0009854634706097012
0.0009854634706097012
0.0009854634706097012
0.0009854634706097012
0.0009854634706097012
0.0009854634706097012
0.0009854634706097012
0.0009854634706097012
0.0009854634706097012
0.0009854634706097012
0.0009854634706097012
0.0009854634706097012
0.0009854634706097012
0.0009854634706097012
0.0009854634706097012
0.0009854634706097012
0.0009854634706097012
0.0009854634706097012
0.0008628039223915076
0.0008628039223915076
0.0008628039223915076
0.0008628039223915076
0.0008628039223915076
0.0008628039223915076
0.0008628039223915076
0.0008628039223915076
0.0008628039223915076
0.0008628039223915076
0.0008628039223915076
0.0008628039223915076
0.0008628039223915076
0.0008628039223915076
0.9221069417964242
