"1" 0.8044265593561368 0.9255533199195171 0.5791772633812876 0.9106639839034203 0.9004024144869215 0.2927565392354125 0.9729376257545272 0.8661971830985917 
"2" 0.7435897435897437 0.902859960552268 0.5870030574421502 0.8647928994082841 0.8823471400394476 0.3441814595660749 0.961439842209073 0.8589743589743588 
"3" 0.7548476454293629 0.9162511542012928 0.46715107850704124 0.8903970452446908 0.8925207756232687 0.32871652816251157 0.9634349030470913 0.8374884579870729 
"4" 0.7379442843419789 0.8964457252641692 0.7305062493395181 0.8673390970220941 0.8683957732949088 0.4101825168107589 0.9548511047070125 0.8021133525456292 
"5" 0.7766698935140368 0.9190706679574058 0.7734416849486104 0.8998063891577928 0.9021297192642788 0.3465634075508229 0.9523717328170378 0.8422071636011614 
"6" 0.7140845070422535 0.8992957746478873 0.5813370153838716 0.8604627766599598 0.878169014084507 0.3360160965794768 0.9538229376257543 0.8158953722334006 
"7" 0.787881679389313 0.9143129770992366 0.7876588503955427 0.8142921182262988 0.9126908396946565 0.2948473282442748 0.9620229007633586 0.8473282442748091 
"8" 0.7656632173095015 0.9178739416745062 0.6406082164134826 0.9093132643461898 0.8962370649106302 0.645343367826905 0.9579492003762937 0.8523047977422389 
"9" 0.7047752808988765 0.8990636704119851 0.734255426905261 0.8658239700374534 0.8659176029962546 0.36985018726591756 0.9487827715355805 0.8267790262172283 
"10" 0.7552962298025135 0.917145421903052 0.7954816552933229 0.8811490125673249 0.8814183123877916 0.34290843806104127 0.9652603231597844 0.8321364452423696 
"11" 0.7748810656517603 0.9165556612749762 0.6177085732158966 0.8970504281636537 0.8931493815413891 0.27307326355851563 0.9549000951474789 0.8648905803996192 
"12" 0.7570334928229664 0.9148325358851676 0.8057730591665013 0.8793301435406699 0.8801913875598085 0.3933014354066985 0.9671770334928229 0.8354066985645934 
"13" 0.79260663507109 0.9332701421800949 0.4380484506965288 0.9065402843601895 0.9071090047393365 0.2976303317535546 0.9531753554502369 0.8710900473933647 
"14" 0.7658846529814273 0.9092864125122189 0.4263448306222781 0.9134897360703811 0.8993157380254153 0.29130009775171073 0.9663734115347019 0.8709677419354838 
"15" 0.7474431818181819 0.9073863636363637 0.5825127132629753 0.9087121212121213 0.8878787878787877 0.39962121212121204 0.9419507575757574 0.8475378787878787 
