0.0057167491983049195 [110]
0.0057167491983049195 [110]
0.0057167491983049195 [110]
0.005683630740699859 [79]
0.005683630740699859 [79]
0.005683630740699859 [79]
0.005637003610340448 [45]
0.005453438856280767 [91]
0.005453438856280767 [91]
0.005453438856280767 [91]
0.005453438856280767 [91]
0.005453438856280767 [91]
0.005453438856280767 [91]
0.005453438856280767 [91]
0.005453438856280767 [91]
0.005453438856280767 [91]
0.005453438856280767 [91]
0.005453438856280767 [91]
0.005453438856280767 [91]
0.005453438856280767 [91]
0.005453438856280767 [91]
0.005453438856280767 [91]
0.005453438856280767 [91]
0.005453438856280767 [91]
0.005453438856280767 [91]
0.005453438856280767 [91]
0.005453438856280767 [91]
0.005453438856280767 [91]
0.005453438856280767 [91]
0.005453438856280767 [91]
0.005453438856280767 [91]
0.005453438856280767 [91]
0.005453438856280767 [91]
0.005453438856280767 [91]
0.005453438856280767 [91]
0.005453438856280767 [91]
0.005453438856280767 [91]
0.005453438856280767 [91]
0.005453438856280767 [91]
0.005453438856280767 [91]
ACC 0.7548349893541518
