0.005390376565628685 [118]
0.005390376565628685 [118]
0.005390376565628685 [118]
0.005390376565628685 [118]
0.005320903204847127 [90]
0.005194558514631353 [92]
0.005194558514631353 [92]
0.005194558514631353 [92]
0.005194558514631353 [92]
0.005194558514631353 [92]
0.005194558514631353 [92]
0.005194558514631353 [92]
0.005194558514631353 [92]
0.005194558514631353 [92]
0.005194558514631353 [92]
0.005194558514631353 [92]
0.005194558514631353 [92]
0.005194558514631353 [92]
0.005194558514631353 [92]
0.005194558514631353 [92]
0.005194558514631353 [92]
0.005194558514631353 [92]
0.005194558514631353 [92]
0.005194558514631353 [92]
0.005194558514631353 [92]
0.005194558514631353 [92]
0.005194558514631353 [92]
0.005194558514631353 [92]
0.005194558514631353 [92]
0.005194558514631353 [92]
0.005194558514631353 [92]
0.005194558514631353 [92]
0.005194558514631353 [92]
0.005194558514631353 [92]
0.005194558514631353 [92]
0.005194558514631353 [92]
0.005194558514631353 [92]
0.005194558514631353 [92]
0.005194558514631353 [92]
0.005194558514631353 [92]
ACC 0.7857523066004258
