0.004522613061015562 [42]
0.004508225459548073 [22]
0.004508225459548073 [22]
0.004508225459548073 [22]
0.004508225459548073 [22]
0.004508225459548073 [22]
0.004484259035571859 [25]
0.004484259035571859 [25]
0.004399578582691901 [69]
0.004399578582691901 [69]
0.004399578582691901 [69]
0.004399578582691901 [69]
0.004399578582691901 [69]
0.004399578582691901 [69]
0.004342552280651598 [59]
0.004342552280651598 [59]
0.004342552280651598 [59]
0.004342552280651598 [59]
0.004342552280651598 [59]
0.004342552280651598 [59]
0.004342552280651598 [59]
0.004342552280651598 [59]
0.004342552280651598 [59]
0.004342552280651598 [59]
0.004342552280651598 [59]
0.004342552280651598 [59]
0.004342552280651598 [59]
0.004342552280651598 [59]
0.004342552280651598 [59]
0.004342552280651598 [59]
0.004342552280651598 [59]
0.004342552280651598 [59]
0.004342552280651598 [59]
0.004342552280651598 [59]
0.004342552280651598 [59]
0.004342552280651598 [59]
0.004342552280651598 [59]
0.004342552280651598 [59]
0.004342552280651598 [59]
0.004342552280651598 [59]
ACC 0.7563431511710433
