0.723340417552194
0.8024753094136767
0.7387173396674585
0.7369671208901113
0.6240780097512189
0.7380922615326916
0.7824728091011376
0.7479684960620078
0.7709713714214277
0.7378422302787848
0.6080760095011877
0.7393424178022253
0.6144518064758094
0.6148268533566695
0.6245780722590324
0.7637204650581323
0.6243280410051256
0.8013501687710964
0.5669458682335292
0.7304663082885361
0.6875859482435305
0.6877109638704838
0.7619702462807851
0.5459432429053632
0.6242030253781723
0.6242030253781723
0.801225153144143
0.5463182897862233
0.7685960745093137
0.7393424178022253
0.7392174021752719
0.7392174021752719
0.614951868983623
0.8549818727340918
0.731466433304163
0.7307163395424427
0.9161145143142893
0.8477309663707964
0.6245780722590324
0.6245780722590324
0.7374671833979247
0.7218402300287536
0.6245780722590324
0.6235779472434054
0.6242030253781723
0.7352169021127641
0.6143267908488561
0.6239529941242655
0.6242030253781723
0.6639579947493437
0.7288411051381423
0.49993749218652334
0.6240780097512189
0.7388423552944118
0.7394674334291786
0.7505938242280285
0.7394674334291786
0.7307163395424427
0.6148268533566695
0.8584823102887861
0.49993749218652334
0.49993749218652334
0.7068383547943493
0.7308413551693962
0.49993749218652334
0.6239529941242655
0.49993749218652334
0.729091136392049
0.7664708088511064
0.560445055631954
0.6245780722590324
0.6245780722590324
0.7393424178022253
0.49993749218652334
0.7252156519564945
0.7393424178022253
0.7363420427553444
0.6103262907863483
0.7363420427553444
0.7374671833979247
0.49993749218652334
0.6213276659582447
0.7144643080385048
0.7335916989623703
0.5475684460557569
0.612951618952369
0.6224528066008251
0.49993749218652334
0.49993749218652334
0.6240780097512189
0.7027128391048881
0.49993749218652334
0.7374671833979247
0.6915864483060382
0.7163395424428054
0.7388423552944118
0.49993749218652334
0.6638329791223903
0.6245780722590324
0.6978372296537068
0.5884485560695087
0.49993749218652334
0.49993749218652334
0.7038379797474684
0.6245780722590324
0.6147018377297162
0.49993749218652334
0.7325915739467433
0.49993749218652334
0.5810726340792599
0.49993749218652334
0.6769596199524941
0.49993749218652334
0.6140767595949493
0.7387173396674585
0.7315914489311164
0.49993749218652334
0.49993749218652334
0.5510688836104513
0.49993749218652334
0.6067008376047006
0.6245780722590324
0.6240780097512189
0.49993749218652334
0.7357169646205776
0.6143267908488561
0.49993749218652334
0.5701962745343168
0.589573696712089
0.49993749218652334
0.6112014001750219
0.5926990873859233
0.6184523065383173
0.7369671208901113
0.6189523690461307
0.7382172771596449
0.7318414801850232
0.6887110888861108
0.718589823727966
0.6243280410051256
0.6148268533566695
0.6993374171771471
0.7339667458432304
0.49993749218652334
0.6099512439054882
0.6242030253781723
0.49993749218652334
0.6243280410051256
0.6083260407550943
0.561445180647581
0.6697087135891987
0.7379672459057383
0.7649706213276659
0.7394674334291786
0.6242030253781723
0.7387173396674585
0.7389673709213652
0.8502312789098637
0.6150768846105763
0.8019752469058632
0.7387173396674585
0.7383422927865984
0.6147018377297162
0.7740967620952619
0.6405800725090637
0.669833729216152
0.734841855231904
0.7397174646830854
0.8024753094136767
0.7388423552944118
0.49993749218652334
0.8301037629703713
0.7384673084135517
0.7392174021752719
0.6240780097512189
0.6484560570071259
0.612576572071509
0.7337167145893236
0.6769596199524941
0.7695961995249406
0.7378422302787848
0.6244530566320791
0.8491061382672834
0.7847230903862983
0.6242030253781723
0.6242030253781723
0.6243280410051256
0.49993749218652334
0.6239529941242655
0.7393424178022253
0.5883235404425553
0.6242030253781723
0.49993749218652334
0.6245780722590324
0.7369671208901113
0.49993749218652334
0.737217152144018
0.7268408551068883
0.7393424178022253
0.6147018377297162
0.6242030253781723
0.7390923865483185
0.7345918239779973
0.6085760720090011
0.8586073259157395
0.6245780722590324
0.49993749218652334
0.7365920740092512
0.49993749218652334
0.748718589823728
0.7389673709213652
0.7154644330541318
0.6238279784973122
0.6245780722590324
0.5958244780597575
0.49993749218652334
0.6124515564445556
0.6242030253781723
0.6242030253781723
0.7387173396674585
0.49993749218652334
0.49993749218652334
0.6215776972121515
0.7179647455931991
0.7388423552944118
0.49993749218652334
0.7215901987748469
0.7354669333666708
0.6147018377297162
0.49993749218652334
0.5825728216027003
0.738592324040505
0.7303412926615827
0.7367170896362045
0.6147018377297162
0.49993749218652334
0.7383422927865984
0.49993749218652334
0.6243280410051256
0.5758219777472184
0.6088261032629079
0.6239529941242655
0.49993749218652334
0.49993749218652334
0.5660707588448556
0.6245780722590324
0.6244530566320791
0.49993749218652334
0.588198524815602
0.6137017127140892
0.49993749218652334
0.5880735091886485
0.6245780722590324
0.49993749218652334
0.5596949618702338
0.5693211651456432
0.6120765095636954
0.6094511813976747
0.7368421052631579
0.6122015251906489
0.7340917614701837
0.7100887610951369
0.49993749218652334
0.5485685710713839
0.49993749218652334
0.6132016502062758
0.49993749218652334
0.49993749218652334
0.7389673709213652
0.497812226528316
0.49993749218652334
0.6098262282785348
0.49993749218652334
0.49993749218652334
0.49993749218652334
0.6148268533566695
0.49993749218652334
0.5511938992374047
0.7375921990248782
0.6210776347043381
0.6070758844855607
0.49993749218652334
0.6233279159894987
0.614951868983623
0.49993749218652334
0.6143267908488561
0.7328416052006501
0.6090761345168146
0.6232029003625453
0.49993749218652334
0.5718214776847106
0.49993749218652334
0.49993749218652334
0.49993749218652334
0.6740842605325665
0.6858357294661833
0.7312164020502563
0.6178272284035504
0.49993749218652334
0.7024628078509814
0.739592449056132
0.7387173396674585
0.7365920740092512
0.7394674334291786
0.7644705588198525
0.7390923865483185
0.6245780722590324
0.6245780722590324
0.7377172146518315
0.7692211526440805
0.7594699337417177
0.5403175396924615
0.7393424178022253
0.7388423552944118
0.7389673709213652
0.7394674334291786
0.6148268533566695
0.6145768221027629
0.7707213401675209
0.684085510688836
0.6148268533566695
0.7713464183022878
0.7394674334291786
0.6148268533566695
0.6370796349543693
0.6465808226028253
0.8603575446930867
0.8024753094136767
0.864858107263408
0.9329916239529942
0.7189648706088261
0.6117014626828353
0.49993749218652334
0.7392174021752719
0.730091261407676
0.49993749218652334
0.7673459182397799
0.547943492936617
0.6242030253781723
0.7377172146518315
0.6419552444055507
0.6245780722590324
0.6100762595324416
0.7317164645580697
0.9136142017752219
0.8446055756969622
0.6148268533566695
0.49993749218652334
0.6243280410051256
0.7327165895736967
0.7390923865483185
0.7389673709213652
0.7389673709213652
0.49993749218652334
0.7623452931616452
0.6327040880110014
0.7270908863607951
0.7392174021752719
0.688461057632204
0.7313414176772096
0.7263407925990749
0.49993749218652334
0.7397174646830854
0.6028253531691461
0.731091386423303
0.6245780722590324
0.7237154644330541
0.6135766970871359
0.7380922615326916
0.614951868983623
0.7703462932866608
0.49993749218652334
0.6199524940617577
0.6130766345793224
0.6547068383547944
0.7379672459057383
0.49993749218652334
0.6143267908488561
0.7268408551068883
0.7355919489936242
0.7460932616577072
0.7350918864858107
0.5649456182022753
0.7393424178022253
0.6244530566320791
0.49993749218652334
0.49993749218652334
0.49993749218652334
0.7563445430678835
0.5823227903487936
0.7389673709213652
0.49993749218652334
0.49993749218652334
0.7377172146518315
0.6137017127140892
0.49993749218652334
0.6244530566320791
0.5588198524815602
0.49993749218652334
0.6239529941242655
0.49993749218652334
0.5870733841730216
0.7393424178022253
0.49993749218652334
0.49993749218652334
0.5601950243780472
0.7342167770971372
0.6144518064758094
0.49993749218652334
0.49993749218652334
0.6244530566320791
0.49993749218652334
0.7204650581322666
0.593949243655457
0.6144518064758094
0.789348668583573
0.6697087135891987
0.6147018377297162
0.6087010876359545
0.73246655831979
0.49993749218652334
0.49993749218652334
0.49993749218652334
0.49993749218652334
0.49993749218652334
0.5786973371671459
0.560445055631954
0.7254656832104013
0.6179522440305039
0.7343417927240905
0.612576572071509
0.6110763845480686
0.49993749218652334
0.49993749218652334
0.49993749218652334
0.7354669333666708
0.7320915114389299
0.49993749218652334
0.49993749218652334
0.6245780722590324
0.6124515564445556
0.49993749218652334
0.5859482435304413
0.5769471183897987
0.49993749218652334
0.49993749218652334
0.6027003375421928
0.6239529941242655
0.7025878234779347
0.6063257907238405
