0.7514638041163946
0.7412171753016323
0.738555713271824
0.7206352022711142
0.7631742370475515
0.7428584102200142
0.7359386089425124
0.7642388218594748
0.730083392476934
0.734208658623137
0.7405074520936835
0.7185503903477644
0.7434794180269695
0.7444109297374024
0.7067068843151171
0.730083392476934
0.7647711142654364
0.7478708303761533
0.7469393186657204
0.7571415897799858
0.7174414478353442
0.7615330021291696
0.75
0.7488466997870831
0.7366039744499645
0.7115862313697658
0.727333215046132
0.7641501064584811
0.7569198012775018
0.7377129169623847
0.7380234208658624
0.7501330731014905
0.7526171043293116
0.7335876508161817
0.7500887154009936
0.7376685592618879
0.7623314407381121
0.7417051100070973
0.7226756564939674
0.7471167494677076
0.7475159687721789
0.721167494677076
0.7351401703335699
0.7449432221433641
0.7097232079489
0.7215667139815471
0.7289300922640171
0.7213005677785663
0.7557665010645848
0.7228974449964514
0.7450762952448545
0.7360716820440029
0.7275106458481192
0.7578069552874379
0.7345191625266146
0.725736337828247
0.7417051100070973
0.73624911284599
0.738999290276792
0.7604240596167494
0.744056068133428
0.7535486160397445
0.7333215046132009
0.7350958126330731
0.7399308019872249
0.7560770049680624
0.7522178850248403
0.7290188076650106
0.7255589070262598
0.7487136266855926
0.7446770759403832
0.7120741660752307
0.7699609652235628
0.7123403122782115
0.7490684882895671
0.7482700496806246
0.738777501774308
0.750221788502484
0.7602466288147622
0.712695173882186
0.727111426543648
0.744056068133428
0.738555713271824
0.7476046841731725
0.7563431511710433
0.7501774308019872
0.754125266146203
0.7518630234208659
0.7664123491838183
0.7498669268985095
0.755722143364088
0.7401969481902059
0.7613112136266856
0.7354950319375444
0.7384226401703335
0.7641501064584811
0.7463183108587651
0.7304826117814053
0.7496894960965224
0.7289744499645139
0.7517743080198722
0.7402856635911994
0.71291696238467
0.7578069552874379
0.728042938254081
0.7091909155429382
0.736737047551455
0.7293293115684882
0.7113200851667849
0.7363821859474805
0.7492902767920511
0.7574964513839603
0.7306156848828956
0.7249822569198012
0.7441004258339248
0.7272888573456352
0.735805535841022
0.7523509581263307
0.7258250532292406
0.7383782824698367
0.7200141944641589
0.7513307310149042
0.743346344925479
0.7267122072391767
0.7331440738112136
0.738555713271824
0.7402413058907026
0.7003637331440739
0.7531050390347764
0.7667672107877928
0.7393541518807665
0.7288857345635202
0.7365152590489709
0.7133605393896381
0.7263573456352023
0.7621096522356281
0.744277856635912
0.7634403832505323
0.7489797728885734
0.7332771469127041
0.7434794180269695
0.7443222143364088
0.7480926188786373
0.7581618168914124
0.7494677075940384
0.7447214336408801
0.7449432221433641
0.7469393186657204
0.7495564229950319
0.7068399574166075
0.7663236337828248
0.7251153300212917
0.7290188076650106
0.7325230660042583
0.7480926188786373
0.7667672107877928
0.7455198722498225
0.7355393896380412
0.7161550745209369
0.761222498225692
0.7334989354151881
0.7606458481192335
0.7468506032647267
0.7276437189496097
0.7464513839602555
0.7432576295244855
0.7235184528034067
0.7309705464868701
0.7521291696238467
0.7494233498935415
0.7330997161107168
0.7688963804116394
0.7388662171753017
0.7471167494677076
0.7455642299503193
0.7450319375443577
0.7607345635202271
0.7571859474804826
0.757097232079489
0.7272444996451384
0.7449432221433641
0.7211231369765791
0.743346344925479
0.7668559261887864
0.7437455642299503
0.7309261887863733
0.7345635202271115
0.7562100780695529
0.7477377572746629
0.76375088715401
0.7310592618878637
0.7275993612491128
0.7467618878637331
0.7110982966643009
0.761000709723208
0.7730660042583393
0.7542583392476934
0.7549680624556423
0.7457860184528035
0.7249822569198012
