0.75
0.7499112845990064
0.7188165365507452
0.7384669978708304
0.738555713271824
0.7564318665720369
0.756653655074521
0.7471167494677076
0.7416163946061036
0.7683640880056778
0.7493789921930447
0.719082682753726
0.7078158268275373
0.7579843860894251
0.7164212207239177
0.7626863023420866
0.7590489709013485
0.7636178140525195
0.7361160397444997
0.7468506032647267
0.764194464158978
0.7519517388218595
0.7425035486160397
0.7368701206529453
0.7315028388928317
0.7416607523066004
0.7372249822569198
0.7516412349183819
0.7551454932576295
0.7517299503193754
0.768097941802697
0.7553229240596168
0.7290188076650106
0.7465400993612491
0.7095457771469127
0.7375354861603974
0.7279542228530873
0.7641057487579844
0.7421930447125621
0.7700496806245565
0.7580287437899219
0.7457416607523066
0.7432132718239887
0.7562987934705465
0.7249378992193045
0.7533711852377573
0.7460521646557843
0.7375798438608943
0.7501330731014905
0.7325230660042583
0.7276437189496097
0.7482256919801278
0.7369144783534421
0.7522622427253371
0.7447214336408801
0.7417938254080908
0.7467175301632364
0.7230305180979418
0.7127395315826828
0.7596699787083038
0.7215667139815471
0.7337650816181689
0.7248935415188077
0.7205021291696239
0.7513307310149042
0.7293736692689851
0.7100337118523776
0.7547019162526615
0.7522178850248403
0.7457416607523066
0.7553229240596168
0.7363378282469837
0.7109208658623137
0.731680269694819
0.7297728885734563
0.7098119233498935
0.743346344925479
0.7448545067423705
0.7630855216465579
0.7483587650816181
0.716332505322924
0.7096788502484032
0.7397533711852378
0.7356724627395316
0.735805535841022
0.7382452093683464
0.7415720369056068
0.73305535841022
0.7612668559261888
0.7644606103619588
0.75638750887154
0.7398420865862314
0.7365152590489709
0.7575851667849539
0.7272888573456352
0.7323012775017743
0.7375354861603974
0.7496007806955287
0.7510202271114266
0.7472941802696949
