"1" 0.7872233400402415 0.9191146881287725 0.43698837345631353 0.8767605633802816 0.19718309859154928 0.9730382293762576 0.8732394366197183 
"2" 0.7212031558185403 0.908284023668639 0.5456120082327337 0.8414201183431953 0.14201183431952666 0.960552268244576 0.8747534516765285 
"3" 0.7226223453370266 0.9199445983379502 0.41535602496193325 0.8730378578024007 0.15789473684210528 0.9585410895660204 0.8541089566020312 
"4" 0.6914505283381364 0.897886647454371 0.5250270705637203 0.8365033621517771 0.1642651296829971 0.9560038424591738 0.8338136407300671 
"5" 0.7396902226524684 0.9034849951597289 0.5184410189974361 0.8635043562439495 0.14617618586640854 0.95324298160697 0.8538238141335912 
"6" 0.7232394366197183 0.8981891348088531 0.5412907991986433 0.8305835010060362 0.1106639839034205 0.9562374245472839 0.8249496981891349 
"7" 0.7576335877862596 0.9124045801526718 0.5500434432324321 0.8604007633587786 0.26240458015267176 0.9631679389312978 0.8587786259541985 
"8" 0.7183443085606773 0.9147695202257762 0.44011679410712473 0.8813734713076199 0.14863593603010347 0.9548447789275636 0.8513640639698965 
"9" 0.7070224719101124 0.8926966292134833 0.5544874152529403 0.7852611919746416 0.1750936329588015 0.949250936329588 0.8220973782771537 
"10" 0.7223518850987432 0.9137342908438061 0.3244207609037236 0.7792375057320406 0.13554757630161582 0.9635547576301615 0.836624775583483 
"11" 0.7677450047573738 0.9124643196955281 0.541584624412523 0.8681255946717414 0.21313035204567082 0.9563273073263557 0.8591817316841104 
"12" 0.7172248803827752 0.9065071770334928 0.5550724874754865 0.7903240874067448 0.16937799043062204 0.9677511961722489 0.8354066985645934 
"13" 0.7953554502369669 0.9298578199052132 0.3528674824005069 0.7288869730414939 0.13080568720379146 0.9538388625592418 0.8701421800947868 
"14" 0.7643206256109483 0.9092864125122189 0.46308592750167016 0.8885630498533723 0.26686217008797647 0.9655913978494624 0.8739002932551319 
"15" 0.7010416666666666 0.8951704545454545 0.43120653326121494 0.8776515151515151 0.17329545454545456 0.9384469696969697 0.8513257575757576 
