0.9208755453671522
0.9166862254002038
0.9185349276112517
0.9213899668519656
0.9176732716241894
0.9181812628404425
0.9189110983220214
0.9219429699481398
0.9220137029023017
0.9212099193322809
0.9204897292535422
0.9193258506441522
0.9186378119082144
0.9208273183529511
0.9195702008494385
0.9205765378791045
0.91730996145054
0.9198884991431667
0.9220619299165029
0.9188885923820609
0.9206633465046667
0.9208080275472705
0.9191168669159467
0.9207469399959489
0.9206440556989862
0.919782399711924
0.9204479325079012
0.920711573518868
0.9211166804381585
0.9195026830295567
0.9194576711496356
0.9196666548778409
0.9214285484633266
0.9180237212607184
0.9190654247674654
0.9235569673567416
0.9217597072941751
0.9202711001224966
0.917772940786872
0.9190171977532642
0.9166990859373242
0.9206183346247456
0.9182101990489633
0.9196955910863617
0.9200781920656916
0.9201392796170133
0.9214414090004469
0.9164129389863968
0.9208884059042726
0.9212613614807622
0.9195251889695173
0.9205861832819447
0.9192776236299509
0.9194448106125153
0.9204382871050609
0.9191522333930277
0.9204993746563825
0.9225377697899553
0.9206537011018265
0.9208208880843909
0.9214799906118079
0.9224155946873122
0.9224766822386337
0.9197148818920422
0.9185928000282931
0.9145642367753489
0.9188725167106604
0.9208305334872311
0.9183002228088056
0.9199013596802871
0.9215796597744905
0.9163293454951146
0.9222387623019075
0.9224188098215922
0.9204350719707809
0.919859562934646
0.9199720926344489
0.9187439113394571
0.9215732295059303
0.9195316192380775
0.9214960662832083
0.9185124216712911
0.9212452858093618
0.9189657556047829
0.9166637194602433
0.9215378630288494
0.9204318568365008
0.9168212610399673
0.9163936481807162
0.9174160608817827
0.9206440556989862
0.9202067974368949
0.9164322297920773
0.9167376675486851
0.9193354960469924
0.9206858524446273
0.9195734159837186
0.91963128840076
0.9198884991431667
0.9193419263155526
