0.9193483565841127
0.9214671300746876
0.9189464647991024
0.9226245784155175
0.9200267499172103
0.92078552160731
0.9204093508965402
0.9179594185751168
0.9192133209443493
0.9207758762044697
0.9213128036292436
0.9212099193322809
0.9201103434084924
0.9197598937719634
0.919126512318787
0.9194898224924364
0.9207147886531482
0.9197470332348431
0.9159081629044237
0.9182327049889238
0.9193869381954737
0.9201810763626543
0.9195187587009571
0.918547788148372
0.91963128840076
0.91885644103926
0.9200331801857704
0.9205476016705838
0.9214542695375673
0.9186378119082144
0.9199560169630484
0.9215957354458909
0.9202550244510962
0.9195637705808783
0.9217339862199345
0.9180623028720795
0.9186088756996936
0.9197213121606024
0.9186924691909758
0.9202196579740153
0.9213546003748847
0.9193580019869529
0.9179111915609155
0.9202871757938971
0.9207051432503078
0.9194833922238762
0.9187985686222185
0.9209912902012353
0.9209816447983951
0.9215185722231689
0.9208884059042726
0.9174064154789425
0.9214414090004469
0.9185735092226127
0.918547788148372
0.9191843847358285
0.9213160187635236
0.9206537011018265
0.9213867517176855
0.9229396615749657
0.9203032514652975
0.9179690639779571
0.918933604261982
0.9198209813232849
0.9180526574692393
0.9188628713078202
0.9218207948454967
0.9184609795228098
0.918390246568648
0.9196570094750007
0.9175864629986271
0.9214189030604863
0.9223287860617498
0.9207019281160278
0.9209237723813535
0.9193547868526729
0.9191972452729488
0.9176797018927495
0.9163518514350751
0.9218915277996586
0.9191425879901874
0.9240585283044347
0.9232193782573329
0.9203900600908597
0.9226085027441171
0.9213835365834054
0.9177022078327102
0.9195798462522787
0.9194448106125153
0.9205250957306232
0.9191586636615878
0.9224670368357935
0.9212613614807622
0.9208015972787104
0.9197309575634426
0.9180333666635587
0.921640747325812
0.9215475084316896
0.9169948782910918
0.9171492047365358
0.9205797530133846
0.9173710490018616
0.9180365817978388
0.9174546424931437
0.9190589944989053
0.9209141269785133
0.9236244851766234
0.9188082140250587
0.9203096817338576
0.9193322809127124
0.9209848599326751
0.9200074591115298
0.9194833922238762
0.9214928511489282
0.9196184278636397
0.9203546936137788
0.9193644322555131
0.9234090711798578
0.9198756386060464
0.9191329425873471
0.9193933684640339
0.921213134466561
0.9172810252420193
0.9209269875156336
0.9201360644827331
0.9216503927286523
0.9222869893161088
0.9206183346247456
0.9198884991431667
0.9200781920656916
0.9183838163000878
0.9215185722231689
0.9189528950676625
0.916072134752708
0.9201039131399323
0.9214735603432478
0.9186474573110546
0.9208241032186709
0.9204222114336605
0.9193933684640339
0.919862778068926
0.9219365396795797
0.9229557372463661
0.9206054740876253
0.9192486874214302
0.9215121419546087
0.9183548800915671
0.9160142623356664
0.9222741287789884
0.9189271739934218
0.924727276234692
0.9203579087480589
0.9213610306434449
0.9238431143076691
0.9196505792064406
0.9231389999003309
0.9214542695375673
0.9203386179423784
0.9194705316867559
0.9211841982580402
0.9198402721289655
0.9198499175318057
0.9222741287789884
0.9215989505801709
0.9198402721289655
0.9202678849882165
0.9184609795228098
0.9196698700121211
0.91731317658482
0.9201457098855734
0.9202067974368949
0.9187985686222185
0.9199495866944883
0.9190654247674654
0.9188660864421002
0.9213835365834054
0.9209012664413929
0.9224541762986731
0.9209719993955547
0.9201585704226937
0.9216471775943722
0.9222612682418682
0.9217307710856544
0.9193772927926335
0.9221133720649843
0.9201457098855734
0.9212902976892829
0.92117133772092
0.9188017837564986
0.9204511476421813
0.919862778068926
0.9204447173736211
0.9211649074523598
0.9193547868526729
0.9217404164884947
0.9219526153509802
0.9176057538043076
0.9167376675486851
0.9191940301386687
0.9206472708332664
