0.09325007814913988
0.06074574077501893
0.06074574077501893
0.06074574077501893
0.06074574077501893
0.06074574077501893
0.06074574077501893
0.06074574077501893
0.06074574077501893
0.06074574077501893
0.06074574077501893
0.05809573526494205
0.05809573526494205
0.05809573526494205
0.05809573526494205
0.049811509903520346
0.049811509903520346
0.049811509903520346
0.049811509903520346
0.049811509903520346
0.049811509903520346
0.049811509903520346
0.049811509903520346
0.049811509903520346
0.049811509903520346
0.049811509903520346
0.049811509903520346
0.049811509903520346
0.049811509903520346
0.049811509903520346
0.049811509903520346
0.049811509903520346
0.049811509903520346
0.049811509903520346
0.049811509903520346
0.049811509903520346
0.049811509903520346
0.049811509903520346
0.049811509903520346
0.049811509903520346
0.903353057199211
