0.07207461632788181
0.07207461632788181
0.07207461632788181
0.07207461632788181
0.061700907535851
0.061700907535851
0.061700907535851
0.061700907535851
0.061700907535851
0.061700907535851
0.061700907535851
0.061700907535851
0.061700907535851
0.061700907535851
0.061700907535851
0.061700907535851
0.061700907535851
0.05466720019467175
0.05466720019467175
0.05466720019467175
0.05466720019467175
0.05466720019467175
0.05466720019467175
0.05466720019467175
0.05466720019467175
0.05466720019467175
0.05466720019467175
0.05466720019467175
0.05466720019467175
0.05466720019467175
0.05466720019467175
0.05466720019467175
0.05466720019467175
0.05466720019467175
0.05466720019467175
0.05466720019467175
0.05466720019467175
0.05466720019467175
0.05466720019467175
0.05466720019467175
0.9181459566074951
