0.09746396448463202
0.08805647841654718
0.08805647841654718
0.08289279462769628
0.07870432990603149
0.07870432990603149
0.07870432990603149
0.07870432990603149
0.07768985023722053
0.07768985023722053
0.07768985023722053
0.07768985023722053
0.07768985023722053
0.07768985023722053
0.07768985023722053
0.07768985023722053
0.07768985023722053
0.07768985023722053
0.07106003351509571
0.07106003351509571
0.05906564416363835
0.05906564416363835
0.05906564416363835
0.05906564416363835
0.05906564416363835
0.05906564416363835
0.05906564416363835
0.05906564416363835
0.05906564416363835
0.05906564416363835
0.05906564416363835
0.05906564416363835
0.05906564416363835
0.05906564416363835
0.05906564416363835
0.05906564416363835
0.05906564416363835
0.05906564416363835
0.05906564416363835
0.05906564416363835
0.9191321499013807
