0.09141362155787647
0.08225636486895382
0.07023855368606746
0.07023855368606746
0.07023855368606746
0.07023855368606746
0.07023855368606746
0.07023855368606746
0.07023855368606746
0.07023855368606746
0.07023855368606746
0.07023855368606746
0.07023855368606746
0.06524715898558497
0.06524715898558497
0.06524715898558497
0.06524715898558497
0.06524715898558497
0.06524715898558497
0.06120404857210815
0.06120404857210815
0.06120404857210815
0.06120404857210815
0.06120404857210815
0.06120404857210815
0.06120404857210815
0.06120404857210815
0.06120404857210815
0.06120404857210815
0.06120404857210815
0.06120404857210815
0.06120404857210815
0.058822463965043426
0.058822463965043426
0.058822463965043426
0.058822463965043426
0.058822463965043426
0.058822463965043426
0.058822463965043426
0.058822463965043426
0.9072978303747534
