0.1555250668350388
0.1540545510018573
0.1540545510018573
0.1540545510018573
0.1472036724581438
0.1472036724581438
0.1472036724581438
0.1472036724581438
0.1472036724581438
0.1396625743192785
0.13188838388989954
0.13188838388989954
0.13188838388989954
0.13188838388989954
0.13188838388989954
0.13188838388989954
0.13188838388989954
0.13188838388989954
0.13188838388989954
0.13188838388989954
0.13188838388989954
0.1300772323327906
0.1300772323327906
0.1300772323327906
0.1300772323327906
0.1300772323327906
0.1300772323327906
0.1178233505171888
0.1178233505171888
0.1178233505171888
0.1178233505171888
0.1178233505171888
0.1178233505171888
0.1178233505171888
0.1178233505171888
0.1178233505171888
0.1178233505171888
0.1178233505171888
0.1178233505171888
0.1178233505171888
0.8550323176361958
