0.14821269363164902
0.13488924875855446
0.13016105629503727
0.12922863196581602
0.12922863196581602
0.12922863196581602
0.12922863196581602
0.12922863196581602
0.12922863196581602
0.11355351749807596
0.11355351749807596
0.11355351749807596
0.11355351749807596
0.11355351749807596
0.11355351749807596
0.11355351749807596
0.11355351749807596
0.11355351749807596
0.11355351749807596
0.11355351749807596
0.11355351749807596
0.11355351749807596
0.11355351749807596
0.11355351749807596
0.11355351749807596
0.11355351749807596
0.11355351749807596
0.11355351749807596
0.11355351749807596
0.11355351749807596
0.1115800067782402
0.1115800067782402
0.1115800067782402
0.1115800067782402
0.1115800067782402
0.1115800067782402
0.1115800067782402
0.1115800067782402
0.1115800067782402
0.1115800067782402
0.8480885311871227
