0.07457870827056468
0.07457870827056468
0.07457870827056468
0.07457870827056468
0.07457870827056468
0.07457870827056468
0.06823912472464144
0.06823912472464144
0.06823912472464144
0.06823912472464144
0.06823912472464144
0.06823912472464144
0.06823912472464144
0.06823912472464144
0.06823912472464144
0.06823912472464144
0.06823912472464144
0.06823912472464144
0.06823912472464144
0.06823912472464144
0.06823912472464144
0.06823912472464144
0.06823912472464144
0.06823912472464144
0.06823912472464144
0.06823912472464144
0.06823912472464144
0.06823912472464144
0.06823912472464144
0.06823912472464144
0.06823912472464144
0.06823912472464144
0.06539502646774054
0.06539502646774054
0.06539502646774054
0.06539502646774054
0.06539502646774054
0.06539502646774054
0.06539502646774054
0.06539502646774054
0.9275653923541247
