0.14203971531242132
0.12601498747244477
0.12601498747244477
0.12601498747244477
0.12601498747244477
0.12601498747244477
0.12601498747244477
0.12601498747244477
0.12601498747244477
0.12601498747244477
0.11056491383351386
0.11056491383351386
0.11056491383351386
0.11056491383351386
0.11056491383351386
0.11056491383351386
0.11056491383351386
0.11056491383351386
0.11056491383351386
0.11056491383351386
0.11056491383351386
0.11056491383351386
0.11056491383351386
0.11056491383351386
0.11056491383351386
0.11056491383351386
0.11056491383351386
0.11056491383351386
0.11056491383351386
0.11056491383351386
0.11056491383351386
0.11056491383351386
0.11056491383351386
0.11056491383351386
0.11056491383351386
0.11056491383351386
0.11056491383351386
0.11056491383351386
0.11056491383351386
0.11056491383351386
0.8490945674044266
