0.09273654485450071
0.0805354063563487
0.0805354063563487
0.0805354063563487
0.0805354063563487
0.0805354063563487
0.0805354063563487
0.0805354063563487
0.0805354063563487
0.08051668677259893
0.08051668677259893
0.08051668677259893
0.07455836214563426
0.07455836214563426
0.07455836214563426
0.07455836214563426
0.07455836214563426
0.07455836214563426
0.07455836214563426
0.07455836214563426
0.07455836214563426
0.07455836214563426
0.07455836214563426
0.07455836214563426
0.07455836214563426
0.07455836214563426
0.07455836214563426
0.07455836214563426
0.07455836214563426
0.07455836214563426
0.07455836214563426
0.07455836214563426
0.07455836214563426
0.07455836214563426
0.07455836214563426
0.06768669801599839
0.06768669801599839
0.06768669801599839
0.06768669801599839
0.06768669801599839
0.9335180055401662
