0.09906791849061847
0.0665850278455764
0.0665850278455764
0.0665850278455764
0.0665850278455764
0.0665850278455764
0.0665850278455764
0.0665850278455764
0.0665850278455764
0.0665850278455764
0.0665850278455764
0.0665850278455764
0.0665850278455764
0.0665850278455764
0.0665850278455764
0.0665850278455764
0.0665850278455764
0.0665850278455764
0.0665850278455764
0.0665850278455764
0.0665850278455764
0.0665850278455764
0.0665850278455764
0.0665850278455764
0.0665850278455764
0.0665850278455764
0.0665850278455764
0.0665850278455764
0.0665850278455764
0.0665850278455764
0.0665850278455764
0.0665850278455764
0.0665850278455764
0.0665850278455764
0.0665850278455764
0.0665850278455764
0.0665850278455764
0.0665850278455764
0.0665850278455764
0.0665850278455764
0.9181459566074951
