0.13365061860531569
0.13031936204060912
0.1274299593642354
0.1274299593642354
0.1086656921543181
0.1086656921543181
0.1086656921543181
0.1086656921543181
0.1086656921543181
0.1086656921543181
0.1086656921543181
0.1086656921543181
0.1086656921543181
0.1086656921543181
0.1086656921543181
0.1086656921543181
0.1086656921543181
0.1086656921543181
0.1086656921543181
0.1086656921543181
0.1086656921543181
0.1086656921543181
0.1086656921543181
0.1086656921543181
0.1086656921543181
0.1086656921543181
0.1086656921543181
0.1086656921543181
0.1086656921543181
0.1086656921543181
0.1086656921543181
0.1086656921543181
0.1086656921543181
0.1086656921543181
0.1086656921543181
0.1086656921543181
0.1086656921543181
0.1086656921543181
0.1086656921543181
0.1086656921543181
0.8589743589743589
