0.14770563867162256
0.14770563867162256
0.14427015404490864
0.14427015404490864
0.14427015404490864
0.14427015404490864
0.1441144158734995
0.1441144158734995
0.14353765722583323
0.136245360269266
0.136245360269266
0.136245360269266
0.136245360269266
0.136245360269266
0.12888311024974375
0.12888311024974375
0.12888311024974375
0.12236606198198655
0.12236606198198655
0.12236606198198655
0.12236606198198655
0.12236606198198655
0.12236606198198655
0.12236606198198655
0.12236606198198655
0.12236606198198655
0.12236606198198655
0.12236606198198655
0.12236606198198655
0.12236606198198655
0.12236606198198655
0.12236606198198655
0.12236606198198655
0.12236606198198655
0.12236606198198655
0.12236606198198655
0.12236606198198655
0.12236606198198655
0.12236606198198655
0.12236606198198655
0.8522622345337026
