0.08799013342050944
0.08799013342050944
0.07228622673188939
0.07228622673188939
0.07228622673188939
0.07228622673188939
0.07228622673188939
0.07228622673188939
0.07228622673188939
0.07228622673188939
0.07228622673188939
0.07228622673188939
0.07228622673188939
0.07228622673188939
0.07228622673188939
0.07228622673188939
0.07228622673188939
0.07228622673188939
0.07228622673188939
0.07228622673188939
0.07228622673188939
0.07228622673188939
0.07228622673188939
0.06309962689000018
0.06309962689000018
0.06309962689000018
0.06309962689000018
0.06309962689000018
0.06309962689000018
0.06309962689000018
0.06309962689000018
0.06309962689000018
0.06309962689000018
0.06309962689000018
0.06309962689000018
0.06309962689000018
0.06309962689000018
0.06309962689000018
0.06309962689000018
0.06309962689000018
0.9279778393351801
