0.0911574752535671
0.08459674566984177
0.08459674566984177
0.07409000094048679
0.07409000094048679
0.07409000094048679
0.07409000094048679
0.07409000094048679
0.07409000094048679
0.07409000094048679
0.06961799971759319
0.06961799971759319
0.06961799971759319
0.06961799971759319
0.06961799971759319
0.06961799971759319
0.06961799971759319
0.06961799971759319
0.06961799971759319
0.06961799971759319
0.06961799971759319
0.06961799971759319
0.06961799971759319
0.06961799971759319
0.06324917101301253
0.06324917101301253
0.06324917101301253
0.06324917101301253
0.06324917101301253
0.06324917101301253
0.06324917101301253
0.06324917101301253
0.06324917101301253
0.06324917101301253
0.06324917101301253
0.06324917101301253
0.06324917101301253
0.06324917101301253
0.06324917101301253
0.06324917101301253
0.908284023668639
