0.15135940350592136
0.15135940350592136
0.12784281326457858
0.12784281326457858
0.12784281326457858
0.12784281326457858
0.12784281326457858
0.12784281326457858
0.12784281326457858
0.12784281326457858
0.12784281326457858
0.12586671393364668
0.12586671393364668
0.12586671393364668
0.12586671393364668
0.1241851863451302
0.11043678782880306
0.11043678782880306
0.11043678782880306
0.11043678782880306
0.11043678782880306
0.11043678782880306
0.11043678782880306
0.11043678782880306
0.11043678782880306
0.11043678782880306
0.11043678782880306
0.11043678782880306
0.11043678782880306
0.11043678782880306
0.11043678782880306
0.11043678782880306
0.11043678782880306
0.11043678782880306
0.11043678782880306
0.11043678782880306
0.11043678782880306
0.11043678782880306
0.11043678782880306
0.11043678782880306
0.8340040241448692
