0.09425410628318787
0.08675509598106146
0.08675509598106146
0.08675509598106146
0.0765246378723532
0.0765246378723532
0.06535597180482
0.06535597180482
0.06535597180482
0.06535597180482
0.06535597180482
0.06535597180482
0.06535597180482
0.06535597180482
0.06535597180482
0.06535597180482
0.06535597180482
0.06535597180482
0.06535597180482
0.06535597180482
0.06535597180482
0.06535597180482
0.06535597180482
0.06535597180482
0.06535597180482
0.06535597180482
0.06535597180482
0.06535597180482
0.06535597180482
0.06535597180482
0.06535597180482
0.06535597180482
0.06535597180482
0.06535597180482
0.06535597180482
0.06535597180482
0.06535597180482
0.06535597180482
0.06535597180482
0.06535597180482
0.9181459566074951
