0.0717569850385189
0.07163359830155969
0.06917417841032147
0.06917417841032147
0.06917417841032147
0.06917417841032147
0.06917417841032147
0.06917417841032147
0.06491011485923082
0.06491011485923082
0.06491011485923082
0.06491011485923082
0.06491011485923082
0.06491011485923082
0.06491011485923082
0.06491011485923082
0.053875484387390316
0.053875484387390316
0.053875484387390316
0.053875484387390316
0.053875484387390316
0.053875484387390316
0.053875484387390316
0.053875484387390316
0.053875484387390316
0.053875484387390316
0.053875484387390316
0.053875484387390316
0.053875484387390316
0.053875484387390316
0.053875484387390316
0.053875484387390316
0.053875484387390316
0.053875484387390316
0.053875484387390316
0.053875484387390316
0.053875484387390316
0.053875484387390316
0.053875484387390316
0.053875484387390316
0.9235412474849095
