0.1534235654398799
0.1534235654398799
0.1534235654398799
0.14205778017640114
0.13893282786011696
0.13893282786011696
0.13861349131911993
0.1100660152733326
0.1100660152733326
0.1100660152733326
0.1100660152733326
0.1100660152733326
0.1100660152733326
0.1100660152733326
0.1100660152733326
0.1100660152733326
0.1100660152733326
0.1100660152733326
0.1100660152733326
0.1100660152733326
0.1100660152733326
0.1100660152733326
0.1100660152733326
0.1084577904548496
0.1084577904548496
0.1084577904548496
0.1084577904548496
0.1084577904548496
0.1084577904548496
0.1084577904548496
0.1084577904548496
0.1084577904548496
0.1084577904548496
0.1084577904548496
0.1084577904548496
0.1084577904548496
0.1084577904548496
0.1084577904548496
0.1084577904548496
0.1084577904548496
0.8510848126232742
