0.08886916120536625
0.08886916120536625
0.08454059110954404
0.08454059110954404
0.07597889518365264
0.07496928586624563
0.07450625230558217
0.07450625230558217
0.06747601856477559
0.06747601856477559
0.06747601856477559
0.06747601856477559
0.06747601856477559
0.06747601856477559
0.06747601856477559
0.06747601856477559
0.06747601856477559
0.06747601856477559
0.06747601856477559
0.06747601856477559
0.06747601856477559
0.06747601856477559
0.06747601856477559
0.06747601856477559
0.06747601856477559
0.0661498224362731
0.0661498224362731
0.0661498224362731
0.0661498224362731
0.0661498224362731
0.0661498224362731
0.0661498224362731
0.0661498224362731
0.0661498224362731
0.0661498224362731
0.0661498224362731
0.0661498224362731
0.0661498224362731
0.0661498224362731
0.0661498224362731
0.9151873767258383
