0.06467908271588385
0.06467908271588385
0.06467908271588385
0.06467908271588385
0.06467908271588385
0.06467908271588385
0.06467908271588385
0.06467908271588385
0.06467908271588385
0.06467908271588385
0.06467908271588385
0.06467908271588385
0.06467908271588385
0.06467908271588385
0.06467908271588385
0.06467908271588385
0.06467908271588385
0.06467908271588385
0.06467908271588385
0.06467908271588385
0.06467908271588385
0.06467908271588385
0.06467908271588385
0.06467908271588385
0.06467908271588385
0.06467908271588385
0.06467908271588385
0.06467908271588385
0.06467908271588385
0.06467908271588385
0.06467908271588385
0.06467908271588385
0.06467908271588385
0.06467908271588385
0.06467908271588385
0.06467908271588385
0.06467908271588385
0.06467908271588385
0.06467908271588385
0.06467908271588385
0.9164989939637826
