0.08319695317186415
0.07898492808453739
0.07267352822236717
0.07267352822236717
0.07267352822236717
0.07267352822236717
0.06391064496710896
0.06391064496710896
0.06391064496710896
0.06391064496710896
0.06391064496710896
0.06391064496710896
0.06391064496710896
0.06391064496710896
0.06391064496710896
0.06391064496710896
0.06391064496710896
0.06391064496710896
0.06391064496710896
0.06391064496710896
0.06391064496710896
0.06391064496710896
0.06391064496710896
0.06391064496710896
0.06391064496710896
0.06391064496710896
0.06391064496710896
0.06391064496710896
0.06391064496710896
0.06391064496710896
0.06391064496710896
0.06391064496710896
0.06391064496710896
0.06391064496710896
0.06391064496710896
0.06391064496710896
0.06391064496710896
0.06391064496710896
0.06391064496710896
0.06391064496710896
0.9285714285714286
