0.15199784759212942
0.13730457074501934
0.13730457074501934
0.13730457074501934
0.13730457074501934
0.13730457074501934
0.13730457074501934
0.13730457074501934
0.13730457074501934
0.13730457074501934
0.11450838845442324
0.11450838845442324
0.11450838845442324
0.11450838845442324
0.11450838845442324
0.11450838845442324
0.11450838845442324
0.11450838845442324
0.11450838845442324
0.11450838845442324
0.11450838845442324
0.11450838845442324
0.11450838845442324
0.11450838845442324
0.11450838845442324
0.11450838845442324
0.11450838845442324
0.11450838845442324
0.11450838845442324
0.11450838845442324
0.11450838845442324
0.11450838845442324
0.11450838845442324
0.11450838845442324
0.11450838845442324
0.11450838845442324
0.11450838845442324
0.11450838845442324
0.11450838845442324
0.11450838845442324
0.866112650046168
