0.06982508740004371
0.06982508740004371
0.06982508740004371
0.06982508740004371
0.06982508740004371
0.06982508740004371
0.06982508740004371
0.06982508740004371
0.06982508740004371
0.06982508740004371
0.06982508740004371
0.06962087312165428
0.06962087312165428
0.06133560025516678
0.06133560025516678
0.06133560025516678
0.06133560025516678
0.06133560025516678
0.06133560025516678
0.06133560025516678
0.06133560025516678
0.06133560025516678
0.06133560025516678
0.06133560025516678
0.06133560025516678
0.06133560025516678
0.06133560025516678
0.06133560025516678
0.06133560025516678
0.06133560025516678
0.06133560025516678
0.06133560025516678
0.06133560025516678
0.06133560025516678
0.06133560025516678
0.06133560025516678
0.06133560025516678
0.06133560025516678
0.06133560025516678
0.06133560025516678
0.9325946445060018
