0.0822869841940701
0.07159791723825037
0.07159791723825037
0.07159791723825037
0.07159791723825037
0.07159791723825037
0.07159791723825037
0.07159791723825037
0.07159791723825037
0.07159791723825037
0.07159791723825037
0.07159791723825037
0.07159791723825037
0.07159791723825037
0.0682025202549994
0.0682025202549994
0.0682025202549994
0.0682025202549994
0.0682025202549994
0.0682025202549994
0.0682025202549994
0.0682025202549994
0.0682025202549994
0.0682025202549994
0.0682025202549994
0.0682025202549994
0.0682025202549994
0.0682025202549994
0.0682025202549994
0.0682025202549994
0.0660541479010135
0.0660541479010135
0.0660541479010135
0.0660541479010135
0.0660541479010135
0.0660541479010135
0.0660541479010135
0.0660541479010135
0.0660541479010135
0.0660541479010135
0.9195171026156942
