0.07685694238170981
0.07540282234549522
0.07540282234549522
0.07540282234549522
0.06302473414689302
0.06302473414689302
0.06302473414689302
0.06302473414689302
0.06302473414689302
0.06302473414689302
0.06302473414689302
0.06302473414689302
0.06302473414689302
0.06302473414689302
0.06302473414689302
0.06302473414689302
0.06302473414689302
0.06302473414689302
0.06302473414689302
0.06302473414689302
0.06302473414689302
0.06302473414689302
0.06302473414689302
0.06302473414689302
0.06302473414689302
0.06302473414689302
0.06302473414689302
0.06302473414689302
0.06302473414689302
0.06302473414689302
0.06302473414689302
0.06302473414689302
0.06302473414689302
0.06302473414689302
0.06302473414689302
0.06302473414689302
0.06302473414689302
0.06302473414689302
0.06302473414689302
0.06302473414689302
0.9336016096579477
