0.1549844266846776
0.15103978151455522
0.12799710035324097
0.12799710035324097
0.11816157586872578
0.11816157586872578
0.11816157586872578
0.11816157586872578
0.11371440324001014
0.11371440324001014
0.11371440324001014
0.11371440324001014
0.11371440324001014
0.11371440324001014
0.11371440324001014
0.11371440324001014
0.11371440324001014
0.11371440324001014
0.11371440324001014
0.11371440324001014
0.11371440324001014
0.11371440324001014
0.11371440324001014
0.11371440324001014
0.11371440324001014
0.11371440324001014
0.11371440324001014
0.11371440324001014
0.11371440324001014
0.11371440324001014
0.11371440324001014
0.11371440324001014
0.11371440324001014
0.11371440324001014
0.11371440324001014
0.11371440324001014
0.11371440324001014
0.11371440324001014
0.11371440324001014
0.11371440324001014
0.814595660749507
