0.11083908192813396
0.11083908192813396
0.10732904705218971
0.10732904705218971
0.10732904705218971
0.10732904705218971
0.10732904705218971
0.10732904705218971
0.10732904705218971
0.10732904705218971
0.10732904705218971
0.10732904705218971
0.10732904705218971
0.10732904705218971
0.10732904705218971
0.10732904705218971
0.10732904705218971
0.10732904705218971
0.10732904705218971
0.10732904705218971
0.10732904705218971
0.10732904705218971
0.10732904705218971
0.10732904705218971
0.10732904705218971
0.10732904705218971
0.10732904705218971
0.10732904705218971
0.10732904705218971
0.10732904705218971
0.10732904705218971
0.10732904705218971
0.10732904705218971
0.10732904705218971
0.10732904705218971
0.10732904705218971
0.10732904705218971
0.10732904705218971
0.10732904705218971
0.10732904705218971
0.8392504930966469
