0.14498853124678135
0.13928424520418048
0.1291007292456925
0.1291007292456925
0.1291007292456925
0.11728841508738697
0.11728841508738697
0.11728841508738697
0.11728841508738697
0.11728841508738697
0.11728841508738697
0.11728841508738697
0.11728841508738697
0.11728841508738697
0.11728841508738697
0.11728841508738697
0.11728841508738697
0.11728841508738697
0.11728841508738697
0.11728841508738697
0.11728841508738697
0.11728841508738697
0.11728841508738697
0.11728841508738697
0.11728841508738697
0.11728841508738697
0.11728841508738697
0.11728841508738697
0.11728841508738697
0.11728841508738697
0.11728841508738697
0.11176086869090796
0.11176086869090796
0.11176086869090796
0.11176086869090796
0.11176086869090796
0.11176086869090796
0.11176086869090796
0.11176086869090796
0.11176086869090796
0.8501006036217303
