0.06854798691347241
0.06854798691347241
0.06854798691347241
0.06854798691347241
0.06854798691347241
0.06854798691347241
0.06540243118070066
0.06540243118070066
0.06354536139406264
0.058501278050243855
0.058501278050243855
0.058501278050243855
0.058501278050243855
0.058501278050243855
0.058501278050243855
0.058501278050243855
0.058501278050243855
0.058501278050243855
0.058501278050243855
0.058501278050243855
0.05730863171629608
0.05730863171629608
0.05730863171629608
0.05730863171629608
0.05730863171629608
0.05730863171629608
0.05730863171629608
0.05730863171629608
0.05730863171629608
0.05730863171629608
0.05730863171629608
0.05730863171629608
0.05730863171629608
0.05730863171629608
0.05730863171629608
0.05730863171629608
0.05730863171629608
0.05730863171629608
0.05730863171629608
0.05730863171629608
0.937625754527163
