0.08120715618133545
0.08120715618133545
0.08120715618133545
0.08120715618133545
0.08120715618133545
0.08120715618133545
0.08120715618133545
0.08120715618133545
0.08120715618133545
0.08120715618133545
0.07988891202737303
0.07988891202737303
0.07988891202737303
0.07988891202737303
0.07988891202737303
0.07074047668891795
0.07074047668891795
0.07074047668891795
0.07074047668891795
0.07074047668891795
0.07074047668891795
0.07074047668891795
0.07074047668891795
0.07074047668891795
0.07074047668891795
0.07074047668891795
0.07074047668891795
0.07074047668891795
0.07074047668891795
0.07074047668891795
0.07074047668891795
0.07074047668891795
0.07074047668891795
0.07074047668891795
0.07074047668891795
0.07074047668891795
0.07074047668891795
0.07074047668891795
0.07074047668891795
0.07074047668891795
0.9242843951985226
