0.1614415904178339
0.14527974935138926
0.13245915227076588
0.13245915227076588
0.13245915227076588
0.13245915227076588
0.13245915227076588
0.13245915227076588
0.13245915227076588
0.13245915227076588
0.13061129564748092
0.13061129564748092
0.13061129564748092
0.13061129564748092
0.13061129564748092
0.13061129564748092
0.13061129564748092
0.13061129564748092
0.13061129564748092
0.13061129564748092
0.13061129564748092
0.12671820994685679
0.12671820994685679
0.12671820994685679
0.12671820994685679
0.12671820994685679
0.12671820994685679
0.12671820994685679
0.12671820994685679
0.12671820994685679
0.12671820994685679
0.12671820994685679
0.12671820994685679
0.12671820994685679
0.12671820994685679
0.12671820994685679
0.12671820994685679
0.12671820994685679
0.12671820994685679
0.12671820994685679
0.8541089566020313
