0.07874711556360126
0.07796214031986892
0.07482228451408446
0.06344565702602267
0.06344565702602267
0.06344565702602267
0.06344565702602267
0.06344565702602267
0.06344565702602267
0.06344565702602267
0.06344565702602267
0.06344565702602267
0.06344565702602267
0.06344565702602267
0.06344565702602267
0.06344565702602267
0.06344565702602267
0.06344565702602267
0.06344565702602267
0.06344565702602267
0.06344565702602267
0.06344565702602267
0.06344565702602267
0.06344565702602267
0.06344565702602267
0.06344565702602267
0.06344565702602267
0.06344565702602267
0.06344565702602267
0.06344565702602267
0.06344565702602267
0.06344565702602267
0.06344565702602267
0.06344565702602267
0.06344565702602267
0.06344565702602267
0.06344565702602267
0.06344565702602267
0.06344565702602267
0.06344565702602267
0.9164989939637826
