0.09736964292824268
0.08297471445985138
0.08179898979142308
0.08179898979142308
0.08179898979142308
0.07960834354162216
0.07302273437380791
0.07302273437380791
0.07302273437380791
0.07302273437380791
0.07302273437380791
0.07302273437380791
0.0719131890218705
0.0719131890218705
0.0719131890218705
0.0719131890218705
0.0719131890218705
0.0719131890218705
0.0719131890218705
0.0719131890218705
0.0719131890218705
0.0719131890218705
0.0719131890218705
0.0716632769908756
0.0716632769908756
0.0716632769908756
0.0716632769908756
0.06724171247333288
0.06724171247333288
0.06724171247333288
0.06724171247333288
0.06724171247333288
0.06724171247333288
0.06724171247333288
0.06724171247333288
0.06724171247333288
0.06724171247333288
0.06724171247333288
0.06724171247333288
0.06724171247333288
0.9102564102564102
