0.09098585475893582
0.0864497011198717
0.07872735402163338
0.07872735402163338
0.07872735402163338
0.07473338636405327
0.07473338636405327
0.07473338636405327
0.07473338636405327
0.07473338636405327
0.07473338636405327
0.07473338636405327
0.07473338636405327
0.07473338636405327
0.07473338636405327
0.07473338636405327
0.07473338636405327
0.07473338636405327
0.07473338636405327
0.07473338636405327
0.07473338636405327
0.07473338636405327
0.07473338636405327
0.07473338636405327
0.07473338636405327
0.07473338636405327
0.07473338636405327
0.07473338636405327
0.07473338636405327
0.07473338636405327
0.07473338636405327
0.07473338636405327
0.07473338636405327
0.07473338636405327
0.07473338636405327
0.07473338636405327
0.07473338636405327
0.07473338636405327
0.07473338636405327
0.07473338636405327
0.9122807017543859
