0.07711606146767735
0.07711606146767735
0.06231532176025212
0.06231532176025212
0.06231532176025212
0.06231532176025212
0.06231532176025212
0.06231532176025212
0.05918386031407863
0.05918386031407863
0.05918386031407863
0.05918386031407863
0.05918386031407863
0.05918386031407863
0.05918386031407863
0.05918386031407863
0.05918386031407863
0.05918386031407863
0.05918386031407863
0.05918386031407863
0.05918386031407863
0.05918386031407863
0.05918386031407863
0.05918386031407863
0.05918386031407863
0.05918386031407863
0.05918386031407863
0.05918386031407863
0.05918386031407863
0.05918386031407863
0.05918386031407863
0.05918386031407863
0.05918386031407863
0.05918386031407863
0.05918386031407863
0.05918386031407863
0.05918386031407863
0.05918386031407863
0.05918386031407863
0.05918386031407863
0.9063116370808678
