0.12369439820758998
0.12369439820758998
0.12369439820758998
0.12369439820758998
0.12369439820758998
0.12369439820758998
0.12369439820758998
0.12369439820758998
0.12369439820758998
0.12369439820758998
0.12318029860034585
0.12318029860034585
0.12318029860034585
0.12318029860034585
0.12318029860034585
0.11817074147984385
0.11817074147984385
0.11817074147984385
0.11817074147984385
0.11817074147984385
0.11817074147984385
0.11817074147984385
0.11817074147984385
0.11817074147984385
0.11328606284223497
0.11328606284223497
0.11328606284223497
0.11328606284223497
0.11167243914678693
0.11167243914678693
0.11167243914678693
0.11167243914678693
0.11167243914678693
0.11167243914678693
0.11167243914678693
0.11167243914678693
0.11167243914678693
0.11167243914678693
0.11167243914678693
0.11167243914678693
0.8621730382293763
