0.12790703307837248
0.12790703307837248
0.12790703307837248
0.12790703307837248
0.12790703307837248
0.12790703307837248
0.11129606980830431
0.11129606980830431
0.11129606980830431
0.11129606980830431
0.11129606980830431
0.11129606980830431
0.11129606980830431
0.11129606980830431
0.08676937595009804
0.08676937595009804
0.08676937595009804
0.08676937595009804
0.08676937595009804
0.08676937595009804
0.08676937595009804
0.08676937595009804
0.08676937595009804
0.08676937595009804
0.08676937595009804
0.08676937595009804
0.08676937595009804
0.08676937595009804
0.08676937595009804
0.08676937595009804
0.08676937595009804
0.08676937595009804
0.08676937595009804
0.08676937595009804
0.08676937595009804
0.08676937595009804
0.08676937595009804
0.08676937595009804
0.08676937595009804
0.08676937595009804
0.8609467455621301
