0.071912311236648
0.071912311236648
0.071912311236648
0.071912311236648
0.071912311236648
0.071912311236648
0.071912311236648
0.071912311236648
0.0709714967319194
0.0709714967319194
0.06813048308386523
0.06813048308386523
0.06813048308386523
0.06813048308386523
0.06813048308386523
0.06813048308386523
0.06813048308386523
0.06813048308386523
0.06813048308386523
0.06813048308386523
0.06813048308386523
0.06813048308386523
0.06813048308386523
0.06813048308386523
0.06813048308386523
0.06813048308386523
0.06813048308386523
0.06666126693872844
0.06666126693872844
0.06666126693872844
0.06666126693872844
0.06489576377412852
0.06489576377412852
0.06489576377412852
0.06489576377412852
0.06489576377412852
0.06489576377412852
0.06489576377412852
0.06489576377412852
0.06489576377412852
0.9335180055401662
