0.08244396932423115
0.07554434100165963
0.07392622390761971
0.07392622390761971
0.07392622390761971
0.07392622390761971
0.07215258607175201
0.07215258607175201
0.06589399254880846
0.06589399254880846
0.06589399254880846
0.06589399254880846
0.06589399254880846
0.06589399254880846
0.06589399254880846
0.06589399254880846
0.06589399254880846
0.06589399254880846
0.06589399254880846
0.06589399254880846
0.06589399254880846
0.06589399254880846
0.06589399254880846
0.06589399254880846
0.06589399254880846
0.0650935738813132
0.0650935738813132
0.0650935738813132
0.0650935738813132
0.0650935738813132
0.0650935738813132
0.0650935738813132
0.0650935738813132
0.0650935738813132
0.0650935738813132
0.0650935738813132
0.0650935738813132
0.0650935738813132
0.0650935738813132
0.0650935738813132
0.9245472837022133
