0.07588473707437515
0.07588473707437515
0.07588473707437515
0.07197304059039145
0.07197304059039145
0.07197304059039145
0.07197304059039145
0.07197304059039145
0.07197304059039145
0.07197304059039145
0.07197304059039145
0.07197304059039145
0.07197304059039145
0.07197304059039145
0.07197304059039145
0.07197304059039145
0.07197304059039145
0.07197304059039145
0.07197304059039145
0.07197304059039145
0.07197304059039145
0.07197304059039145
0.07197304059039145
0.07197304059039145
0.07197304059039145
0.07197304059039145
0.07197304059039145
0.0663884641493068
0.0663884641493068
0.0663884641493068
0.0663884641493068
0.0663884641493068
0.0663884641493068
0.0663884641493068
0.0663884641493068
0.0663884641493068
0.0663884641493068
0.0663884641493068
0.0663884641493068
0.0663884641493068
0.9215143120960295
