0.06765280105173588
0.057046784088015556
0.057046784088015556
0.057046784088015556
0.057046784088015556
0.057046784088015556
0.057046784088015556
0.057046784088015556
0.057046784088015556
0.057046784088015556
0.057046784088015556
0.057046784088015556
0.057046784088015556
0.057046784088015556
0.057046784088015556
0.057046784088015556
0.057046784088015556
0.057046784088015556
0.057046784088015556
0.057046784088015556
0.057046784088015556
0.057046784088015556
0.057046784088015556
0.057046784088015556
0.057046784088015556
0.057046784088015556
0.057046784088015556
0.057046784088015556
0.057046784088015556
0.057046784088015556
0.057046784088015556
0.057046784088015556
0.057046784088015556
0.057046784088015556
0.057046784088015556
0.057046784088015556
0.057046784088015556
0.057046784088015556
0.057046784088015556
0.057046784088015556
0.9114688128772636
