0.08646231495282229
0.07953451135579277
0.07953451135579277
0.07953451135579277
0.07788307438878452
0.07788307438878452
0.07788307438878452
0.07788307438878452
0.07774368103812723
0.07774368103812723
0.07774368103812723
0.07774368103812723
0.07003709410919863
0.07003709410919863
0.06454572191133219
0.06454572191133219
0.06454572191133219
0.06454572191133219
0.06454572191133219
0.06454572191133219
0.06454572191133219
0.06454572191133219
0.06454572191133219
0.06454572191133219
0.06454572191133219
0.06454572191133219
0.06454572191133219
0.06454572191133219
0.06454572191133219
0.06454572191133219
0.06454572191133219
0.06454572191133219
0.06454572191133219
0.06454572191133219
0.06454572191133219
0.06454572191133219
0.06454572191133219
0.06454572191133219
0.06454572191133219
0.06454572191133219
0.9012003693444137
