0.08366757236859378
0.08366757236859378
0.07778411884518231
0.06277685984969139
0.06277685984969139
0.06274527157930766
0.06274527157930766
0.06274527157930766
0.06274527157930766
0.06274527157930766
0.06274527157930766
0.06274527157930766
0.06274527157930766
0.06274527157930766
0.06274527157930766
0.06274527157930766
0.06274527157930766
0.06274527157930766
0.06274527157930766
0.06274527157930766
0.06274527157930766
0.06274527157930766
0.06274527157930766
0.06274527157930766
0.06274527157930766
0.06274527157930766
0.06274527157930766
0.06274527157930766
0.06274527157930766
0.06274527157930766
0.06274527157930766
0.06274527157930766
0.06274527157930766
0.06274527157930766
0.06274527157930766
0.06274527157930766
0.06274527157930766
0.06274527157930766
0.06274527157930766
0.06274527157930766
0.9187442289935365
