0.15031798709841335
0.1377522612319273
0.1377522612319273
0.1377522612319273
0.1377522612319273
0.1377522612319273
0.1377522612319273
0.1377522612319273
0.1377522612319273
0.1377522612319273
0.1377522612319273
0.1377522612319273
0.1377522612319273
0.13766299012829275
0.13766299012829275
0.13633325433029847
0.13633325433029847
0.13173859785584843
0.13173859785584843
0.11972946147708331
0.11972946147708331
0.11972946147708331
0.11972946147708331
0.11972946147708331
0.11972946147708331
0.11972946147708331
0.11972946147708331
0.11972946147708331
0.11972946147708331
0.11972946147708331
0.11972946147708331
0.11972946147708331
0.11972946147708331
0.11972946147708331
0.11972946147708331
0.11972946147708331
0.11972946147708331
0.11972946147708331
0.11972946147708331
0.11972946147708331
0.8522622345337026
