0.08326360364170636
0.08326360364170636
0.08164649303345119
0.08164649303345119
0.07914720322279369
0.07901821044438026
0.07901821044438026
0.07901821044438026
0.07869823583785225
0.07693617571802701
0.07693617571802701
0.07693617571802701
0.06587221911724876
0.06587221911724876
0.06587221911724876
0.06587221911724876
0.06587221911724876
0.06587221911724876
0.06587221911724876
0.06587221911724876
0.057918457423939425
0.057918457423939425
0.057918457423939425
0.057918457423939425
0.057918457423939425
0.057918457423939425
0.057918457423939425
0.057918457423939425
0.057918457423939425
0.057918457423939425
0.057918457423939425
0.057918457423939425
0.057918457423939425
0.057918457423939425
0.057918457423939425
0.057918457423939425
0.057918457423939425
0.057918457423939425
0.057918457423939425
0.057918457423939425
0.9335180055401662
