"1" 0.06277665995975855 0.7789738430583502 0.2875168416313361 0.7638832997987927 0.11971830985915492 0.9170020120724345 0.8712273641851107 
"2" 0.06587771203155819 0.7716962524654833 0.2350474704190716 0.7578895463510847 0.12721893491124264 0.9250493096646943 0.871794871794872 
"3" 0.0734995383194829 0.7931671283471837 0.2276339284772906 0.7703601108033241 0.09141274238227147 0.9165281625115419 0.8541089566020312 
"4" 0.07415946205571566 0.79731027857829 0.2392639244327551 0.7576368876080691 0.138328530259366 0.9185398655139287 0.8847262247838616 
"5" 0.07754114230396902 0.7765730880929331 0.2320934019248122 0.7668563658477952 0.13165537270087127 0.8995159728944822 0.8451113262342691 
"6" 0.06418511066398391 0.7905432595573441 0.2954828354822301 0.7840040241448691 0.07947686116700202 0.9258551307847082 0.857142857142857 
"7" 0.07423664122137405 0.79293893129771 0.2792523112996731 0.7941793893129772 0.10973282442748092 0.9116412213740459 0.8645038167938932 
"8" 0.0825964252116651 0.7999059266227657 0.2169994307098415 0.7606773283160866 0.12323612417685795 0.9117591721542804 0.8381937911571027 
"9" 0.08342696629213484 0.7797752808988764 0.26439364134141036 0.7480337078651684 0.1254681647940075 0.9106741573033708 0.8492509363295879 
"10" 0.08016157989228008 0.7919210053859963 0.23919192642877238 0.7747755834829443 0.11938958707360861 0.926750448833034 0.8868940754039498 
"11" 0.07649857278782111 0.7907706945765937 0.2368894699218028 0.7821122740247384 0.07897240723120837 0.9222645099904854 0.8943862987630828 
"12" 0.07827751196172247 0.804688995215311 0.23826143201249472 0.7454545454545455 0.1090909090909091 0.9202870813397128 0.8784688995215311 
"13" 0.08966824644549765 0.7927962085308057 0.2588410491708287 0.7663507109004741 0.0985781990521327 0.9076777251184834 0.8644549763033176 
"14" 0.06529814271749755 0.780058651026393 0.2438932316684035 0.7479491458085976 0.072336265884653 0.9160312805474096 0.8748778103616812 
"15" 0.08409090909090908 0.7909090909090908 0.20448843840161732 0.7754734848484848 0.14299242424242428 0.9016098484848486 0.875 
