0.644694819020582
0.6420777146912704
0.7086142654364798
0.7080819730305181
0.6459368346344926
0.43075762952448543
0.43075762952448543
0.7141589779985805
0.45071859474804826
0.6553850248403122
0.49099538679914834
0.43075762952448543
0.43075762952448543
0.6427874378992193
0.43075762952448543
0.6525904897090135
0.4979595457771469
0.6525017743080199
0.6699787083037615
0.3416873669268985
0.43075762952448543
0.47963981547196594
0.43075762952448543
0.43075762952448543
0.44069375443577
0.43075762952448543
0.4831440738112136
0.653832505322924
0.6471344925479063
0.6689141234918382
0.7329222853087296
0.487402413058907
0.6429648687012065
0.33081973030518097
0.5058552164655784
0.7297285308729595
0.6408356990773598
0.43075762952448543
0.6690028388928317
0.6418559261887864
0.6384847409510291
0.43075762952448543
0.6407469836763662
0.4863378282469837
0.43075762952448543
0.6383516678495387
0.43075762952448543
0.6361781405251952
0.43075762952448543
0.6500621007806955
0.43075762952448543
0.674458836053939
0.504125266146203
0.6427874378992193
0.6531227821149752
0.5321593328601846
0.43075762952448543
0.6532114975159687
0.43075762952448543
0.43075762952448543
0.6393275372604684
0.43075762952448543
0.43075762952448543
0.6422107877927609
0.43075762952448543
0.6399041873669269
0.43075762952448543
0.43075762952448543
0.43075762952448543
0.43075762952448543
0.43075762952448543
0.6324077359829666
0.6376419446415897
0.33081973030518097
0.43075762952448543
0.43075762952448543
0.43075762952448543
0.43075762952448543
0.6425212916962385
0.6460255500354861
0.43075762952448543
0.43075762952448543
0.43075762952448543
0.43075762952448543
0.43075762952448543
0.33081973030518097
0.43075762952448543
0.43075762952448543
0.33081973030518097
0.33081973030518097
0.43075762952448543
0.43075762952448543
0.6677608232789212
0.43075762952448543
0.6393718949609652
0.43075762952448543
0.43075762952448543
0.43075762952448543
0.43075762952448543
0.43075762952448543
0.43075762952448543
0.49547551454932576
0.33081973030518097
0.28091731724627395
0.6514815471965933
0.431777856635912
0.43075762952448543
0.43075762952448543
0.33081973030518097
0.6304559971611071
0.4309794180269695
0.43075762952448543
0.43075762952448543
0.43075762952448543
0.43075762952448543
0.43075762952448543
0.44002838892831797
0.33081973030518097
0.43075762952448543
0.43075762952448543
0.43075762952448543
0.43075762952448543
0.6406139105748758
0.653388928317956
0.43075762952448543
0.43075762952448543
0.33081973030518097
0.5723917672107878
0.6747693399574166
0.6529453513129879
0.33081973030518097
0.33081973030518097
0.33081973030518097
0.4993346344925479
0.43789921930447123
0.43075762952448543
0.44011710432931156
0.43075762952448543
0.43075762952448543
0.43075762952448543
0.43075762952448543
0.33081973030518097
0.5011089425124201
0.43075762952448543
0.33081973030518097
0.43075762952448543
0.43075762952448543
0.6581352022711142
0.43075762952448543
0.43075762952448543
0.33081973030518097
0.43075762952448543
0.5011976579134138
0.656139105748758
0.43075762952448543
0.6505056777856636
0.43075762952448543
0.43075762952448543
0.43075762952448543
0.5046575585521647
0.43075762952448543
0.33081973030518097
0.33081973030518097
0.6732611781405252
0.49880234208658625
0.5317157558552165
0.43075762952448543
0.6640347764371894
0.6606192334989354
0.43075762952448543
0.43075762952448543
0.636222498225692
0.43075762952448543
0.43075762952448543
0.6545865862313698
0.501818665720369
0.43075762952448543
0.33081973030518097
0.43075762952448543
0.43075762952448543
0.43075762952448543
0.43075762952448543
0.43075762952448543
0.5043026969481902
0.33081973030518097
0.43075762952448543
0.43075762952448543
0.43075762952448543
0.43075762952448543
0.43075762952448543
0.48824520936834637
0.4985805535841022
0.43075762952448543
0.33081973030518097
0.33081973030518097
0.5954134137686302
0.43075762952448543
0.43075762952448543
0.43075762952448543
0.6649219304471257
