0.9091692414533693
0.9092785560188922
0.9092785560188922
0.9092785560188922
0.9092785560188922
0.9192261814814696
0.9192261814814696
0.9192261814814696
0.9192261814814696
0.9192261814814696
0.9192261814814696
0.9192261814814696
0.9204447173736211
0.9204447173736211
0.9204447173736211
0.9204447173736211
0.9204447173736211
0.9204447173736211
0.9204447173736211
0.9204447173736211
0.9204447173736211
0.9204447173736211
0.9204447173736211
0.9204447173736211
0.9204447173736211
0.9204447173736211
0.9204447173736211
0.9204447173736211
0.9204447173736211
0.9204447173736211
0.9204447173736211
0.9204447173736211
0.9204447173736211
0.9204447173736211
0.9204447173736211
0.9204447173736211
0.9204447173736211
0.9204447173736211
0.9204447173736211
0.9204447173736211
0.9175575267901064
0.9175575267901064
0.9175575267901064
0.9175575267901064
0.9175575267901064
0.9175575267901064
0.9175575267901064
0.9175575267901064
0.9175575267901064
0.9175575267901064
0.9184095373743284
0.9184095373743284
0.9184095373743284
0.9184095373743284
0.9184095373743284
0.9184095373743284
0.9184095373743284
0.9184095373743284
0.9184095373743284
0.9184095373743284
0.9184095373743284
0.9184095373743284
0.9184095373743284
0.9184095373743284
0.9198467023975256
0.9198467023975256
0.9198467023975256
0.9198467023975256
0.9198467023975256
0.9198467023975256
0.9198467023975256
0.9198467023975256
0.9198467023975256
0.9198467023975256
0.9198467023975256
0.9198467023975256
0.9198467023975256
0.9198467023975256
0.9198467023975256
0.9198467023975256
0.9073301846451617
0.9074780808220455
0.9076227618646493
0.9076227618646493
0.9090534966192862
0.9188693015763804
0.9188693015763804
0.9188693015763804
0.9188693015763804
0.9188693015763804
0.9188693015763804
0.9188693015763804
0.9188693015763804
0.9188693015763804
0.9188693015763804
0.9188693015763804
0.9188693015763804
0.9188693015763804
0.9188693015763804
0.9188693015763804
0.9188693015763804
0.9188693015763804
0.9188693015763804
0.9194608862839156
0.9194608862839156
0.9194608862839156
0.9194608862839156
0.9194608862839156
0.9194608862839156
0.9194608862839156
0.9194608862839156
0.9194608862839156
0.9194608862839156
0.9194608862839156
0.9194608862839156
0.9194608862839156
0.9194608862839156
0.9194608862839156
0.9194608862839156
0.9194608862839156
0.9188725167106604
0.9188725167106604
0.9188725167106604
0.9188725167106604
0.9188725167106604
0.9188725167106604
0.9188725167106604
0.9188725167106604
0.9188725167106604
0.9188725167106604
0.9188725167106604
0.9188725167106604
0.9188725167106604
0.9188725167106604
0.9188725167106604
0.9188725167106604
0.9188725167106604
0.9188725167106604
0.9188725167106604
0.9188725167106604
0.9188725167106604
0.9188725167106604
0.9188725167106604
0.9188725167106604
0.9188725167106604
0.9188725167106604
0.9188725167106604
0.9188725167106604
0.9188725167106604
0.9188725167106604
0.9188725167106604
0.9188725167106604
0.9188725167106604
0.9188725167106604
0.9188725167106604
0.9188725167106604
0.9188725167106604
0.9188725167106604
0.9188725167106604
0.9188725167106604
0.9070151014857135
0.9176925624298699
0.9176925624298699
0.9176925624298699
0.9176925624298699
0.9176925624298699
0.9176925624298699
0.9176925624298699
0.9176925624298699
0.9176925624298699
0.9186538875796147
0.9186538875796147
0.9186538875796147
0.9186538875796147
0.9186538875796147
0.9186538875796147
0.9186538875796147
0.9186538875796147
0.9186538875796147
0.9186538875796147
0.9186538875796147
0.9186538875796147
0.9186538875796147
0.9186538875796147
0.9186538875796147
0.9186538875796147
0.9186538875796147
0.9186538875796147
0.9186538875796147
0.9186538875796147
0.9186538875796147
0.9186538875796147
0.9186538875796147
0.9186538875796147
0.9186538875796147
0.9186538875796147
0.9186538875796147
0.9186538875796147
0.9186538875796147
0.9186538875796147
0.9156991791762183
0.9156991791762183
0.9156991791762183
0.9156991791762183
0.9156991791762183
0.9156991791762183
0.9156991791762183
0.9165929865060815
0.9165929865060815
0.9165929865060815
0.9165929865060815
0.9165929865060815
0.9165929865060815
0.9165929865060815
0.9165929865060815
0.9165929865060815
0.9165929865060815
0.9165929865060815
0.9165929865060815
0.9165929865060815
0.9165929865060815
0.9165929865060815
0.9165929865060815
0.9165929865060815
0.9165929865060815
0.9168437669799279
0.9168437669799279
0.9168437669799279
0.9168437669799279
0.9168437669799279
0.9168437669799279
0.9168437669799279
0.9168437669799279
0.9168437669799279
0.9168437669799279
0.9168437669799279
0.9168437669799279
0.9168437669799279
0.9168437669799279
0.9168437669799279
0.9086098080886348
0.9183645254944073
0.9183645254944073
0.9183645254944073
0.9183645254944073
0.9183645254944073
0.9183645254944073
0.9183645254944073
0.9183645254944073
0.9183645254944073
0.9183645254944073
0.9188017837564986
0.9188017837564986
0.9188017837564986
0.9188017837564986
0.9192969144356314
0.9192969144356314
0.9192969144356314
0.9192969144356314
0.9192969144356314
0.9192969144356314
0.9192969144356314
0.9197406029662829
0.9197406029662829
0.9197406029662829
0.9197406029662829
0.9197406029662829
0.9197406029662829
0.9197406029662829
0.9197406029662829
0.9197406029662829
0.9197406029662829
0.9197406029662829
0.9197406029662829
0.9197406029662829
0.9197406029662829
0.9197406029662829
0.9197406029662829
0.9197406029662829
0.9197406029662829
0.9078317455928547
0.9171813560793367
0.9171813560793367
0.9171813560793367
0.9171813560793367
0.9190750701703057
0.9190750701703057
0.9190750701703057
0.9190750701703057
0.9190750701703057
0.9190750701703057
0.9190750701703057
0.9190750701703057
0.9190750701703057
0.9190750701703057
0.9190750701703057
0.9190750701703057
0.919126512318787
0.919126512318787
0.919126512318787
0.919126512318787
0.919126512318787
0.919126512318787
0.919126512318787
0.919126512318787
0.919126512318787
0.919126512318787
0.919126512318787
0.919126512318787
0.919126512318787
0.919126512318787
0.919126512318787
0.919126512318787
0.919126512318787
0.919126512318787
0.919126512318787
0.919126512318787
0.919126512318787
0.919126512318787
0.919126512318787
0.9076227618646493
0.9154709046423324
0.9154709046423324
0.9154709046423324
0.9154709046423324
0.9154709046423324
0.9154709046423324
0.9154709046423324
0.9154709046423324
0.9154709046423324
0.9154709046423324
0.9154709046423324
0.9154709046423324
0.9161943098553511
0.9172263679592578
0.9172263679592578
0.9172263679592578
0.9172263679592578
0.9172263679592578
0.9172263679592578
0.9172263679592578
0.9172263679592578
0.9172263679592578
0.9172263679592578
0.9172263679592578
0.9172263679592578
0.9172263679592578
0.9172263679592578
0.9172263679592578
0.9172263679592578
0.9172263679592578
0.9172263679592578
0.9172263679592578
0.9172263679592578
0.9172263679592578
0.9172263679592578
0.9172263679592578
0.9172263679592578
0.9172263679592578
0.9172263679592578
0.9188339350992994
0.9188339350992994
0.9188339350992994
0.9188339350992994
0.9188339350992994
0.9198467023975256
0.9198467023975256
0.9198467023975256
0.9198467023975256
0.9198467023975256
0.9198467023975256
0.9198467023975256
0.9198467023975256
0.9198467023975256
0.9198467023975256
0.9198467023975256
0.9198467023975256
0.9198467023975256
0.9198467023975256
0.9198467023975256
0.9198467023975256
0.9198467023975256
0.9198467023975256
0.9198467023975256
0.9198467023975256
0.9198467023975256
0.9198467023975256
0.9198467023975256
0.9198467023975256
0.9198467023975256
0.9198467023975256
0.9198467023975256
0.9198467023975256
0.9198467023975256
0.9198467023975256
0.9198467023975256
0.9198467023975256
0.9198467023975256
0.9198467023975256
0.9198467023975256
