0.10299403220415115 [ 96  65 125]
0.10299403220415115 [ 96  65 125]
0.10254854708909988 [ 40 122 109]
0.10254854708909988 [ 40 122 109]
0.10254854708909988 [ 40 122 109]
0.10254854708909988 [ 40 122 109]
0.10254854708909988 [ 40 122 109]
0.10254854708909988 [ 40 122 109]
0.10254854708909988 [ 40 122 109]
0.10254854708909988 [ 40 122 109]
0.10254854708909988 [ 40 122 109]
0.10254854708909988 [ 40 122 109]
0.10254854708909988 [ 40 122 109]
0.10254854708909988 [ 40 122 109]
0.10254854708909988 [ 40 122 109]
0.10254854708909988 [ 40 122 109]
0.10254854708909988 [ 40 122 109]
0.10254854708909988 [ 40 122 109]
0.10254854708909988 [ 40 122 109]
0.10254854708909988 [ 40 122 109]
0.10254854708909988 [ 40 122 109]
0.10254854708909988 [ 40 122 109]
0.10254854708909988 [ 40 122 109]
0.10254854708909988 [ 40 122 109]
0.09312239289283752 [ 60 128  49]
0.09312239289283752 [ 60 128  49]
0.09312239289283752 [ 60 128  49]
0.09312239289283752 [ 60 128  49]
0.09312239289283752 [ 60 128  49]
0.09312239289283752 [ 60 128  49]
0.09312239289283752 [ 60 128  49]
0.09312239289283752 [ 60 128  49]
0.09312239289283752 [ 60 128  49]
0.09312239289283752 [ 60 128  49]
0.09312239289283752 [ 60 128  49]
0.09312239289283752 [ 60 128  49]
0.09312239289283752 [ 60 128  49]
0.09312239289283752 [ 60 128  49]
0.09312239289283752 [ 60 128  49]
0.09312239289283752 [ 60 128  49]
ACC 0.9115710253998118
