0.129189133644104 [ 27 122  91]
0.129189133644104 [ 27 122  91]
0.129189133644104 [ 27 122  91]
0.129189133644104 [ 27 122  91]
0.129189133644104 [ 27 122  91]
0.12347626686096191 [110 111  85]
0.12347626686096191 [110 111  85]
0.12347626686096191 [110 111  85]
0.12347626686096191 [110 111  85]
0.12347626686096191 [110 111  85]
0.12347626686096191 [110 111  85]
0.12347626686096191 [110 111  85]
0.12347626686096191 [110 111  85]
0.12347626686096191 [110 111  85]
0.12347626686096191 [110 111  85]
0.12347626686096191 [110 111  85]
0.12347626686096191 [110 111  85]
0.12347626686096191 [110 111  85]
0.12347626686096191 [110 111  85]
0.12347626686096191 [110 111  85]
0.112733393907547 [ 77 125  65]
0.112733393907547 [ 77 125  65]
0.112733393907547 [ 77 125  65]
0.112733393907547 [ 77 125  65]
0.112733393907547 [ 77 125  65]
0.112733393907547 [ 77 125  65]
0.112733393907547 [ 77 125  65]
0.112733393907547 [ 77 125  65]
0.112733393907547 [ 77 125  65]
0.112733393907547 [ 77 125  65]
0.112733393907547 [ 77 125  65]
0.112733393907547 [ 77 125  65]
0.112733393907547 [ 77 125  65]
0.112733393907547 [ 77 125  65]
0.11254541575908661 [ 75 122  68]
0.11254541575908661 [ 75 122  68]
0.11254541575908661 [ 75 122  68]
0.11254541575908661 [ 75 122  68]
0.11254541575908661 [ 75 122  68]
0.11254541575908661 [ 75 122  68]
ACC 0.9061611374407583
