0.16496750712394714 [112  49  60]
0.16496750712394714 [112  49  60]
0.16496750712394714 [112  49  60]
0.16496750712394714 [112  49  60]
0.15596570074558258 [ 71  65 117]
0.12664464116096497 [37 69 49]
0.12417791783809662 [67 80 85]
0.12417791783809662 [67 80 85]
0.12417791783809662 [67 80 85]
0.11257477849721909 [128  41  34]
0.11257477849721909 [128  41  34]
0.11257477849721909 [128  41  34]
0.11257477849721909 [128  41  34]
0.11257477849721909 [128  41  34]
0.11257477849721909 [128  41  34]
0.11257477849721909 [128  41  34]
0.11257477849721909 [128  41  34]
0.11257477849721909 [128  41  34]
0.11257477849721909 [128  41  34]
0.11257477849721909 [128  41  34]
0.11257477849721909 [128  41  34]
0.11257477849721909 [128  41  34]
0.11257477849721909 [128  41  34]
0.11257477849721909 [128  41  34]
0.11257477849721909 [128  41  34]
0.11257477849721909 [128  41  34]
0.11257477849721909 [128  41  34]
0.11257477849721909 [128  41  34]
0.11257477849721909 [128  41  34]
0.11257477849721909 [128  41  34]
0.11257477849721909 [128  41  34]
0.11257477849721909 [128  41  34]
0.11257477849721909 [128  41  34]
0.09127036482095718 [ 65 128 112]
0.09127036482095718 [ 65 128 112]
0.09127036482095718 [ 65 128 112]
0.09127036482095718 [ 65 128 112]
0.08324741572141647 [ 33  65 116]
0.08324741572141647 [ 33  65 116]
0.08324741572141647 [ 33  65 116]
ACC 0.8654580152671756
