0.24164049327373505 [127 106  17]
0.17707717418670654 [ 83 123  90]
0.17707717418670654 [ 83 123  90]
0.17707717418670654 [ 83 123  90]
0.17707717418670654 [ 83 123  90]
0.17707717418670654 [ 83 123  90]
0.17707717418670654 [ 83 123  90]
0.17707717418670654 [ 83 123  90]
0.17707717418670654 [ 83 123  90]
0.17602188885211945 [ 75 128 121]
0.17602188885211945 [ 75 128 121]
0.17602188885211945 [ 75 128 121]
0.17602188885211945 [ 75 128 121]
0.17602188885211945 [ 75 128 121]
0.17602188885211945 [ 75 128 121]
0.17602188885211945 [ 75 128 121]
0.17602188885211945 [ 75 128 121]
0.17602188885211945 [ 75 128 121]
0.17602188885211945 [ 75 128 121]
0.17602188885211945 [ 75 128 121]
0.1756071150302887 [35 38 69]
0.17475193738937378 [65 59 92]
0.17475193738937378 [65 59 92]
0.17475193738937378 [65 59 92]
0.16218502819538116 [ 37  89 116]
0.16218502819538116 [ 37  89 116]
0.16218502819538116 [ 37  89 116]
0.16218502819538116 [ 37  89 116]
0.16218502819538116 [ 37  89 116]
0.16218502819538116 [ 37  89 116]
0.16218502819538116 [ 37  89 116]
0.16218502819538116 [ 37  89 116]
0.16218502819538116 [ 37  89 116]
0.16218502819538116 [ 37  89 116]
0.16218502819538116 [ 37  89 116]
0.16218502819538116 [ 37  89 116]
0.16218502819538116 [ 37  89 116]
0.16218502819538116 [ 37  89 116]
0.16218502819538116 [ 37  89 116]
0.16218502819538116 [ 37  89 116]
ACC 0.8670411985018727
