0.6896524429321289 [126  81 124]
0.6896524429321289 [126  81 124]
0.6896524429321289 [126  81 124]
0.6896524429321289 [126  81 124]
0.6896524429321289 [126  81 124]
0.6896524429321289 [126  81 124]
0.6896524429321289 [126  81 124]
0.6896524429321289 [126  81 124]
0.6896524429321289 [126  81 124]
0.6896524429321289 [126  81 124]
0.6896524429321289 [126  81 124]
0.6896524429321289 [126  81 124]
0.6896524429321289 [126  81 124]
0.6896524429321289 [126  81 124]
0.6896524429321289 [126  81 124]
0.6896524429321289 [126  81 124]
0.6896524429321289 [126  81 124]
0.6896524429321289 [126  81 124]
0.6896524429321289 [126  81 124]
0.6896524429321289 [126  81 124]
0.6896524429321289 [126  81 124]
0.6896524429321289 [126  81 124]
0.6896524429321289 [126  81 124]
0.6896524429321289 [126  81 124]
0.6896524429321289 [126  81 124]
0.6896524429321289 [126  81 124]
0.6896524429321289 [126  81 124]
0.6896524429321289 [126  81 124]
0.6896524429321289 [126  81 124]
0.6319729089736938 [ 43 113 109]
0.6319729089736938 [ 43 113 109]
0.6319729089736938 [ 43 113 109]
0.6319729089736938 [ 43 113 109]
0.6319729089736938 [ 43 113 109]
0.6319729089736938 [ 43 113 109]
0.6319729089736938 [ 43 113 109]
0.6319729089736938 [ 43 113 109]
0.6319729089736938 [ 43 113 109]
0.6319729089736938 [ 43 113 109]
0.6319729089736938 [ 43 113 109]
ACC 0.7554240631163708
