0.7349650263786316 [114 128  72]
0.7349650263786316 [114 128  72]
0.6402645707130432 [101  87  75]
0.5748628973960876 [115  84  41]
0.5014693737030029 [108  72 124]
0.5014693737030029 [108  72 124]
0.5014693737030029 [108  72 124]
0.5014693737030029 [108  72 124]
0.5014693737030029 [108  72 124]
0.5014693737030029 [108  72 124]
0.5014693737030029 [108  72 124]
0.5014693737030029 [108  72 124]
0.5014693737030029 [108  72 124]
0.5014693737030029 [108  72 124]
0.5014693737030029 [108  72 124]
0.5014693737030029 [108  72 124]
0.5014693737030029 [108  72 124]
0.5014693737030029 [108  72 124]
0.5014693737030029 [108  72 124]
0.5014693737030029 [108  72 124]
0.5014693737030029 [108  72 124]
0.5014693737030029 [108  72 124]
0.5014693737030029 [108  72 124]
0.5014693737030029 [108  72 124]
0.5014693737030029 [108  72 124]
0.5014693737030029 [108  72 124]
0.5014693737030029 [108  72 124]
0.37232017517089844 [94 96 72]
0.37232017517089844 [94 96 72]
0.37232017517089844 [94 96 72]
0.37232017517089844 [94 96 72]
0.37232017517089844 [94 96 72]
0.37232017517089844 [94 96 72]
0.37232017517089844 [94 96 72]
0.37232017517089844 [94 96 72]
0.37232017517089844 [94 96 72]
0.37232017517089844 [94 96 72]
0.37232017517089844 [94 96 72]
0.37232017517089844 [94 96 72]
0.37232017517089844 [94 96 72]
ACC 0.8428030303030303
