0.22666795551776886 [ 80  44 109]
0.1715863198041916 [ 98  38 111]
0.1715863198041916 [ 98  38 111]
0.14784733951091766 [107  10  87]
0.14784733951091766 [107  10  87]
0.14784733951091766 [107  10  87]
0.14784733951091766 [107  10  87]
0.14784733951091766 [107  10  87]
0.14784733951091766 [107  10  87]
0.1439211666584015 [ 93  58 111]
0.1439211666584015 [ 93  58 111]
0.13635943830013275 [ 83  81 128]
0.13635943830013275 [ 83  81 128]
0.13635943830013275 [ 83  81 128]
0.13635943830013275 [ 83  81 128]
0.13635943830013275 [ 83  81 128]
0.13635943830013275 [ 83  81 128]
0.13635943830013275 [ 83  81 128]
0.11002685129642487 [ 36 128 106]
0.11002685129642487 [ 36 128 106]
0.11002685129642487 [ 36 128 106]
0.11002685129642487 [ 36 128 106]
0.11002685129642487 [ 36 128 106]
0.11002685129642487 [ 36 128 106]
0.11002685129642487 [ 36 128 106]
0.11002685129642487 [ 36 128 106]
0.11002685129642487 [ 36 128 106]
0.11002685129642487 [ 36 128 106]
0.11002685129642487 [ 36 128 106]
0.11002685129642487 [ 36 128 106]
0.11002685129642487 [ 36 128 106]
0.11002685129642487 [ 36 128 106]
0.11002685129642487 [ 36 128 106]
0.11002685129642487 [ 36 128 106]
0.11002685129642487 [ 36 128 106]
0.11002685129642487 [ 36 128 106]
0.11002685129642487 [ 36 128 106]
0.11002685129642487 [ 36 128 106]
0.11002685129642487 [ 36 128 106]
0.11002685129642487 [ 36 128 106]
ACC 0.8886774500475737
