0.17145024240016937
0.17145024240016937
0.17145024240016937
0.17145024240016937
0.17145024240016937
0.17145024240016937
0.17145024240016937
0.17145024240016937
0.17145024240016937
0.17145024240016937
0.17145024240016937
0.17145024240016937
0.17145024240016937
0.17145024240016937
0.17145024240016937
0.17145024240016937
0.17145024240016937
0.17145024240016937
0.17145024240016937
0.17145024240016937
0.15073774755001068
0.15073774755001068
0.15073774755001068
0.15073774755001068
0.15073774755001068
0.15073774755001068
0.15073774755001068
0.15073774755001068
0.15073774755001068
0.15073774755001068
0.15073774755001068
0.15073774755001068
0.15073774755001068
0.15073774755001068
0.15073774755001068
0.15073774755001068
0.15073774755001068
0.15073774755001068
0.15073774755001068
0.15073774755001068
0.8463016330451489
