0.1470106989145279
0.1042904257774353
0.1042904257774353
0.1042904257774353
0.1042904257774353
0.1042904257774353
0.09580420702695847
0.09580420702695847
0.09580420702695847
0.09580420702695847
0.09580420702695847
0.09580420702695847
0.09030979871749878
0.09030979871749878
0.09030979871749878
0.09030979871749878
0.09030979871749878
0.09030979871749878
0.09030979871749878
0.09030979871749878
0.09030979871749878
0.09030979871749878
0.09030979871749878
0.09030979871749878
0.09030979871749878
0.09030979871749878
0.09030979871749878
0.09030979871749878
0.09030979871749878
0.09030979871749878
0.09030979871749878
0.09030979871749878
0.09030979871749878
0.09030979871749878
0.09030979871749878
0.09030979871749878
0.09030979871749878
0.09030979871749878
0.09030979871749878
0.09030979871749878
0.8625954198473282
