0.13406755030155182
0.09210768342018127
0.09210768342018127
0.09210768342018127
0.09210768342018127
0.09210768342018127
0.09210768342018127
0.09210768342018127
0.09210768342018127
0.09210768342018127
0.09210768342018127
0.09210768342018127
0.09210768342018127
0.09210768342018127
0.09210768342018127
0.08380940556526184
0.08380940556526184
0.08380940556526184
0.08380940556526184
0.08380940556526184
0.08380940556526184
0.061740193516016006
0.061740193516016006
0.061740193516016006
0.061740193516016006
0.061740193516016006
0.061740193516016006
0.061740193516016006
0.061740193516016006
0.061740193516016006
0.061740193516016006
0.061740193516016006
0.061740193516016006
0.061740193516016006
0.061740193516016006
0.061740193516016006
0.061740193516016006
0.061740193516016006
0.061740193516016006
0.061740193516016006
0.9176136363636364
