0.1795392781496048
0.10089144855737686
0.10089144855737686
0.10089144855737686
0.10089144855737686
0.10089144855737686
0.10089144855737686
0.10089144855737686
0.10089144855737686
0.10089144855737686
0.10089144855737686
0.10089144855737686
0.10089144855737686
0.10089144855737686
0.10089144855737686
0.10089144855737686
0.10089144855737686
0.10048332810401917
0.10048332810401917
0.10048332810401917
0.08546128123998642
0.08474161475896835
0.08474161475896835
0.08474161475896835
0.08474161475896835
0.08474161475896835
0.08474161475896835
0.08474161475896835
0.08474161475896835
0.08474161475896835
0.08474161475896835
0.08474161475896835
0.08474161475896835
0.08474161475896835
0.08474161475896835
0.08474161475896835
0.08474161475896835
0.08474161475896835
0.08474161475896835
0.08474161475896835
0.9044265593561368
