0.8780776858329773
0.8780776858329773
0.8780776858329773
0.8780776858329773
0.8780776858329773
0.8780776858329773
0.8780776858329773
0.7379335761070251
0.7379335761070251
0.7379335761070251
0.7379335761070251
0.7379335761070251
0.7379335761070251
0.7379335761070251
0.7379335761070251
0.7379335761070251
0.6773185729980469
0.6773185729980469
0.6773185729980469
0.6773185729980469
0.6773185729980469
0.6773185729980469
0.6773185729980469
0.6773185729980469
0.6773185729980469
0.6773185729980469
0.6773185729980469
0.6773185729980469
0.6773185729980469
0.6773185729980469
0.6773185729980469
0.6773185729980469
0.6773185729980469
0.6773185729980469
0.6773185729980469
0.6773185729980469
0.6773185729980469
0.6773185729980469
0.6773185729980469
0.6773185729980469
0.7511961722488039
