0.2848316431045532
0.26718670129776
0.26718670129776
0.26718670129776
0.26718670129776
0.26718670129776
0.26718670129776
0.26718670129776
0.26718670129776
0.26718670129776
0.26718670129776
0.26718670129776
0.26718670129776
0.26718670129776
0.26718670129776
0.26718670129776
0.26718670129776
0.26718670129776
0.26718670129776
0.2621315121650696
0.2621315121650696
0.2621315121650696
0.26172149181365967
0.26172149181365967
0.26172149181365967
0.26172149181365967
0.26172149181365967
0.26172149181365967
0.26172149181365967
0.2515889108181
0.2515889108181
0.2515889108181
0.2515889108181
0.2515889108181
0.2515889108181
0.2515889108181
0.23824025690555573
0.23824025690555573
0.23824025690555573
0.23824025690555573
0.8463016330451489
