0.18214593827724457
0.18214593827724457
0.07568612694740295
0.07568612694740295
0.07568612694740295
0.07568612694740295
0.07568612694740295
0.07568612694740295
0.07568612694740295
0.07568612694740295
0.07568612694740295
0.07568612694740295
0.07568612694740295
0.07568612694740295
0.07568612694740295
0.07568612694740295
0.07568612694740295
0.07568612694740295
0.07568612694740295
0.07568612694740295
0.07568612694740295
0.07568612694740295
0.07568612694740295
0.07568612694740295
0.07568612694740295
0.07568612694740295
0.07568612694740295
0.07568612694740295
0.07568612694740295
0.07568612694740295
0.07568612694740295
0.07568612694740295
0.07568612694740295
0.07568612694740295
0.07568612694740295
0.07568612694740295
0.07568612694740295
0.07568612694740295
0.07568612694740295
0.07568612694740295
0.8983382209188661
