0.7726591229438782
0.7336490154266357
0.7076229453086853
0.447806179523468
0.447806179523468
0.447806179523468
0.447806179523468
0.447806179523468
0.447806179523468
0.447806179523468
0.447806179523468
0.447806179523468
0.447806179523468
0.447806179523468
0.447806179523468
0.447806179523468
0.447806179523468
0.447806179523468
0.447806179523468
0.447806179523468
0.447806179523468
0.447806179523468
0.447806179523468
0.447806179523468
0.447806179523468
0.447806179523468
0.447806179523468
0.447806179523468
0.447806179523468
0.447806179523468
0.447806179523468
0.447806179523468
0.447806179523468
0.447806179523468
0.447806179523468
0.447806179523468
0.447806179523468
0.447806179523468
0.447806179523468
0.447806179523468
0.8106060606060606
