0.12326636910438538
0.1061624065041542
0.1061624065041542
0.08863626420497894
0.08863626420497894
0.08863626420497894
0.08863626420497894
0.08863626420497894
0.08863626420497894
0.07194236665964127
0.07194236665964127
0.07194236665964127
0.07194236665964127
0.07194236665964127
0.07194236665964127
0.07194236665964127
0.07194236665964127
0.07194236665964127
0.07194236665964127
0.0583307184278965
0.0583307184278965
0.0583307184278965
0.0583307184278965
0.0583307184278965
0.0583307184278965
0.0583307184278965
0.0583307184278965
0.0583307184278965
0.0583307184278965
0.0583307184278965
0.0583307184278965
0.0583307184278965
0.0583307184278965
0.0583307184278965
0.0583307184278965
0.0583307184278965
0.0583307184278965
0.0583307184278965
0.0583307184278965
0.0583307184278965
0.9090909090909091
