0.17736434936523438
0.17736434936523438
0.15602068603038788
0.13698184490203857
0.13698184490203857
0.13698184490203857
0.13698184490203857
0.13698184490203857
0.13698184490203857
0.13698184490203857
0.13698184490203857
0.13698184490203857
0.13698184490203857
0.13698184490203857
0.13698184490203857
0.12825505435466766
0.12825505435466766
0.12825505435466766
0.12825505435466766
0.12825505435466766
0.12825505435466766
0.12825505435466766
0.12825505435466766
0.12825505435466766
0.12825505435466766
0.12825505435466766
0.12825505435466766
0.12825505435466766
0.12825505435466766
0.12825505435466766
0.12825505435466766
0.12825505435466766
0.12825505435466766
0.12825505435466766
0.12825505435466766
0.12825505435466766
0.12825505435466766
0.12825505435466766
0.12825505435466766
0.12825505435466766
0.8742454728370221
