0.12145078927278519 [ 29 115 114]
0.12145078927278519 [ 29 115 114]
0.12145078927278519 [ 29 115 114]
0.10976507514715195 [110  48  95]
0.10976507514715195 [110  48  95]
0.10976507514715195 [110  48  95]
0.10778907686471939 [110  96  95]
0.10778907686471939 [110  96  95]
0.10778907686471939 [110  96  95]
0.10778907686471939 [110  96  95]
0.10778907686471939 [110  96  95]
0.10778907686471939 [110  96  95]
0.10778907686471939 [110  96  95]
0.10778907686471939 [110  96  95]
0.10778907686471939 [110  96  95]
0.10778907686471939 [110  96  95]
0.10778907686471939 [110  96  95]
0.10778907686471939 [110  96  95]
0.10778907686471939 [110  96  95]
0.10778907686471939 [110  96  95]
0.10778907686471939 [110  96  95]
0.09050706028938293 [128  50 128]
0.09050706028938293 [128  50 128]
0.09050706028938293 [128  50 128]
0.09050706028938293 [128  50 128]
0.09050706028938293 [128  50 128]
0.09050706028938293 [128  50 128]
0.09050706028938293 [128  50 128]
0.07851941883563995 [ 47 128 128]
0.07851941883563995 [ 47 128 128]
0.07851941883563995 [ 47 128 128]
0.07851941883563995 [ 47 128 128]
0.07851941883563995 [ 47 128 128]
0.07851941883563995 [ 47 128 128]
0.07851941883563995 [ 47 128 128]
0.07851941883563995 [ 47 128 128]
0.07851941883563995 [ 47 128 128]
0.07851941883563995 [ 47 128 128]
0.07851941883563995 [ 47 128 128]
0.07851941883563995 [ 47 128 128]
ACC 0.909689557855127
