0.26042550802230835 [105  83  26]
0.23578482866287231 [105  83  26]
0.23578482866287231 [105  83  26]
0.23578482866287231 [105  83  26]
0.23578482866287231 [105  83  26]
0.23578482866287231 [105  83  26]
0.2185966968536377 [ 66 128  57]
0.2185966968536377 [ 66 128  57]
0.2185966968536377 [ 66 128  57]
0.2185966968536377 [ 66 128  57]
0.2185966968536377 [ 66 128  57]
0.2185966968536377 [ 66 128  57]
0.2185966968536377 [ 66 128  57]
0.2185966968536377 [ 66 128  57]
0.2185966968536377 [ 66 128  57]
0.2185966968536377 [ 66 128  57]
0.2185966968536377 [ 66 128  57]
0.2185966968536377 [ 66 128  57]
0.2185966968536377 [ 66 128  57]
0.2185966968536377 [ 66 128  57]
0.2185966968536377 [ 66 128  57]
0.2185966968536377 [ 66 128  57]
0.2185966968536377 [ 66 128  57]
0.2185966968536377 [ 66 128  57]
0.21237769722938538 [ 53 128  57]
0.21237769722938538 [ 53 128  57]
0.21237769722938538 [ 53 128  57]
0.21237769722938538 [ 53 128  57]
0.21237769722938538 [ 53 128  57]
0.21237769722938538 [ 53 128  57]
0.21237769722938538 [ 53 128  57]
0.21237769722938538 [ 53 128  57]
0.21237769722938538 [ 53 128  57]
0.21237769722938538 [ 53 128  57]
0.21237769722938538 [ 53 128  57]
0.21237769722938538 [ 53 128  57]
0.21237769722938538 [ 53 128  57]
0.21237769722938538 [ 53 128  57]
0.21237769722938538 [ 53 128  57]
0.21237769722938538 [ 53 128  57]
ACC 0.8583732057416268
