0.15720582008361816 [ 47 103 100]
0.15720582008361816 [ 47 103 100]
0.15720582008361816 [ 47 103 100]
0.15720582008361816 [ 47 103 100]
0.15720582008361816 [ 47 103 100]
0.11886237561702728 [50 75 98]
0.11886237561702728 [50 75 98]
0.11886237561702728 [50 75 98]
0.11886237561702728 [50 75 98]
0.11886237561702728 [50 75 98]
0.11886237561702728 [50 75 98]
0.11886237561702728 [50 75 98]
0.11886237561702728 [50 75 98]
0.11886237561702728 [50 75 98]
0.11886237561702728 [50 75 98]
0.10821668803691864 [ 38  94 128]
0.10821668803691864 [ 38  94 128]
0.10821668803691864 [ 38  94 128]
0.10821668803691864 [ 38  94 128]
0.10821668803691864 [ 38  94 128]
0.10821668803691864 [ 38  94 128]
0.10821668803691864 [ 38  94 128]
0.10821668803691864 [ 38  94 128]
0.10821668803691864 [ 38  94 128]
0.10821668803691864 [ 38  94 128]
0.10821668803691864 [ 38  94 128]
0.10821668803691864 [ 38  94 128]
0.10821668803691864 [ 38  94 128]
0.10821668803691864 [ 38  94 128]
0.10821668803691864 [ 38  94 128]
0.10821668803691864 [ 38  94 128]
0.10821668803691864 [ 38  94 128]
0.10487116128206253 [114  53 128]
0.10487116128206253 [114  53 128]
0.10487116128206253 [114  53 128]
0.10487116128206253 [114  53 128]
0.10487116128206253 [114  53 128]
0.10487116128206253 [114  53 128]
0.10487116128206253 [114  53 128]
0.10487116128206253 [114  53 128]
ACC 0.8944820909970959
