0.8731131553649902
0.8349613547325134
0.7438411116600037
0.7438411116600037
0.7438411116600037
0.7438411116600037
0.7438411116600037
0.7438411116600037
0.7438411116600037
0.7438411116600037
0.7438411116600037
0.7438411116600037
0.7438411116600037
0.7438411116600037
0.7438411116600037
0.7438411116600037
0.7056025266647339
0.7056025266647339
0.7056025266647339
0.7056025266647339
0.7056025266647339
0.7056025266647339
0.7056025266647339
0.7056025266647339
0.7056025266647339
0.7056025266647339
0.7056025266647339
0.7056025266647339
0.7056025266647339
0.7056025266647339
0.7056025266647339
0.7056025266647339
0.7056025266647339
0.7056025266647339
0.7056025266647339
0.7056025266647339
0.7056025266647339
0.7056025266647339
0.7056025266647339
0.7056025266647339
0.7106741573033708
