0.20122180879116058
0.20122180879116058
0.175828754901886
0.175828754901886
0.175828754901886
0.175828754901886
0.175828754901886
0.175828754901886
0.175828754901886
0.175828754901886
0.175828754901886
0.175828754901886
0.175828754901886
0.175828754901886
0.175828754901886
0.175828754901886
0.175828754901886
0.138565331697464
0.138565331697464
0.138565331697464
0.138565331697464
0.138565331697464
0.138565331697464
0.138565331697464
0.138565331697464
0.138565331697464
0.138565331697464
0.138565331697464
0.138565331697464
0.138565331697464
0.138565331697464
0.138565331697464
0.138565331697464
0.138565331697464
0.138565331697464
0.138565331697464
0.138565331697464
0.138565331697464
0.138565331697464
0.138565331697464
0.884469696969697
