0.20029927790164948
0.1936541199684143
0.17516015470027924
0.17516015470027924
0.17516015470027924
0.17516015470027924
0.17516015470027924
0.17516015470027924
0.1749553680419922
0.1749553680419922
0.1749553680419922
0.1749553680419922
0.1749553680419922
0.14322423934936523
0.14322423934936523
0.14322423934936523
0.14322423934936523
0.14322423934936523
0.14322423934936523
0.14322423934936523
0.14322423934936523
0.14322423934936523
0.14322423934936523
0.14322423934936523
0.14322423934936523
0.14322423934936523
0.14322423934936523
0.14322423934936523
0.14322423934936523
0.14322423934936523
0.14322423934936523
0.14322423934936523
0.14322423934936523
0.14322423934936523
0.14322423934936523
0.14322423934936523
0.14322423934936523
0.14322423934936523
0.14322423934936523
0.14322423934936523
0.8807429130009775
