0.889313817024231 [ 76  48 116]
0.889313817024231 [ 76  48 116]
0.7016981840133667 [ 87  94 117]
0.7016981840133667 [ 87  94 117]
0.7016981840133667 [ 87  94 117]
0.7016981840133667 [ 87  94 117]
0.7016981840133667 [ 87  94 117]
0.7016981840133667 [ 87  94 117]
0.7016981840133667 [ 87  94 117]
0.7016981840133667 [ 87  94 117]
0.7016981840133667 [ 87  94 117]
0.7016981840133667 [ 87  94 117]
0.7016981840133667 [ 87  94 117]
0.7016981840133667 [ 87  94 117]
0.7016981840133667 [ 87  94 117]
0.7016981840133667 [ 87  94 117]
0.7016981840133667 [ 87  94 117]
0.7016981840133667 [ 87  94 117]
0.7016981840133667 [ 87  94 117]
0.7016981840133667 [ 87  94 117]
0.7016981840133667 [ 87  94 117]
0.7016981840133667 [ 87  94 117]
0.7016981840133667 [ 87  94 117]
0.7016981840133667 [ 87  94 117]
0.7016981840133667 [ 87  94 117]
0.7016981840133667 [ 87  94 117]
0.7016981840133667 [ 87  94 117]
0.7016981840133667 [ 87  94 117]
0.7016981840133667 [ 87  94 117]
0.7016981840133667 [ 87  94 117]
0.7016981840133667 [ 87  94 117]
0.7016981840133667 [ 87  94 117]
0.7016981840133667 [ 87  94 117]
0.7016981840133667 [ 87  94 117]
0.7016981840133667 [ 87  94 117]
0.7016981840133667 [ 87  94 117]
0.7016981840133667 [ 87  94 117]
0.6507374048233032 [ 81 125  41]
0.6507374048233032 [ 81 125  41]
0.6507374048233032 [ 81 125  41]
ACC 0.7599261311172668
