0.22906823456287384
0.22906823456287384
0.22906823456287384
0.22906823456287384
0.22906823456287384
0.20598042011260986
0.20598042011260986
0.20598042011260986
0.20598042011260986
0.20598042011260986
0.20598042011260986
0.20598042011260986
0.20598042011260986
0.20598042011260986
0.20598042011260986
0.20598042011260986
0.20598042011260986
0.20598042011260986
0.20598042011260986
0.20598042011260986
0.20598042011260986
0.20598042011260986
0.20598042011260986
0.20598042011260986
0.20598042011260986
0.20598042011260986
0.20598042011260986
0.20598042011260986
0.20598042011260986
0.20598042011260986
0.20598042011260986
0.20598042011260986
0.20598042011260986
0.20598042011260986
0.20598042011260986
0.20598042011260986
0.20598042011260986
0.20598042011260986
0.20598042011260986
0.20598042011260986
0.8258426966292135
