0.24311265349388123
0.19805239140987396
0.19805239140987396
0.17247408628463745
0.17247408628463745
0.17247408628463745
0.16299201548099518
0.16299201548099518
0.16299201548099518
0.16299201548099518
0.16299201548099518
0.16299201548099518
0.16299201548099518
0.16299201548099518
0.16299201548099518
0.16299201548099518
0.16299201548099518
0.16299201548099518
0.16299201548099518
0.16299201548099518
0.16299201548099518
0.16299201548099518
0.16299201548099518
0.16299201548099518
0.16299201548099518
0.16299201548099518
0.16299201548099518
0.16299201548099518
0.16299201548099518
0.16299201548099518
0.16299201548099518
0.16299201548099518
0.16299201548099518
0.16299201548099518
0.16299201548099518
0.16299201548099518
0.16299201548099518
0.16299201548099518
0.16299201548099518
0.16299201548099518
0.8303747534516766
