0.6821727156639099
0.6821727156639099
0.6821727156639099
0.6821727156639099
0.6555514931678772
0.6555514931678772
0.5664304494857788
0.5664304494857788
0.5664304494857788
0.5664304494857788
0.5664304494857788
0.5664304494857788
0.5664304494857788
0.5664304494857788
0.5114132761955261
0.5114132761955261
0.5114132761955261
0.5114132761955261
0.5114132761955261
0.5114132761955261
0.5114132761955261
0.5114132761955261
0.5114132761955261
0.5114132761955261
0.5114132761955261
0.5114132761955261
0.5114132761955261
0.5114132761955261
0.5114132761955261
0.5114132761955261
0.5114132761955261
0.5114132761955261
0.5114132761955261
0.5114132761955261
0.5114132761955261
0.5114132761955261
0.5114132761955261
0.5114132761955261
0.5114132761955261
0.5114132761955261
0.8368320610687023
