1.0696755647659302
0.9607889652252197
0.9607889652252197
0.9607889652252197
0.8942819237709045
0.8620004057884216
0.8322421312332153
0.8322421312332153
0.8322421312332153
0.8322421312332153
0.6748959422111511
0.6748959422111511
0.6748959422111511
0.6748959422111511
0.6748959422111511
0.6748959422111511
0.6748959422111511
0.6748959422111511
0.6748959422111511
0.6748959422111511
0.6748959422111511
0.6748959422111511
0.6748959422111511
0.6748959422111511
0.6748959422111511
0.6748959422111511
0.6748959422111511
0.6748959422111511
0.6740444898605347
0.6740444898605347
0.6740444898605347
0.6740444898605347
0.6740444898605347
0.6740444898605347
0.6740444898605347
0.6740444898605347
0.6740444898605347
0.6740444898605347
0.6740444898605347
0.6740444898605347
0.7575452716297787
