0.09366587549448013
0.09366587549448013
0.09366587549448013
0.09366587549448013
0.09366587549448013
0.09366587549448013
0.09366587549448013
0.09366587549448013
0.09366587549448013
0.09366587549448013
0.09366587549448013
0.09366587549448013
0.09366587549448013
0.09366587549448013
0.09366587549448013
0.09366587549448013
0.09366587549448013
0.09121870249509811
0.09121870249509811
0.09121870249509811
0.09121870249509811
0.09121870249509811
0.09121870249509811
0.09121870249509811
0.09121870249509811
0.09121870249509811
0.09121870249509811
0.09121870249509811
0.09121870249509811
0.09121870249509811
0.08359643816947937
0.08359643816947937
0.08359643816947937
0.08359643816947937
0.08359643816947937
0.08359643816947937
0.08359643816947937
0.08359643816947937
0.08359643816947937
0.08359643816947937
0.8702290076335878
