1.0217643976211548
0.8417283296585083
0.8417283296585083
0.8417283296585083
0.8417283296585083
0.8417283296585083
0.8417283296585083
0.8014140725135803
0.8014140725135803
0.8014140725135803
0.8014140725135803
0.8014140725135803
0.8014140725135803
0.8014140725135803
0.8014140725135803
0.8014140725135803
0.8014140725135803
0.8014140725135803
0.8014140725135803
0.8014140725135803
0.8014140725135803
0.8014140725135803
0.8014140725135803
0.7611015439033508
0.7611015439033508
0.7611015439033508
0.5811256170272827
0.5811256170272827
0.5811256170272827
0.5811256170272827
0.5811256170272827
0.5811256170272827
0.5811256170272827
0.5811256170272827
0.5811256170272827
0.5811256170272827
0.5811256170272827
0.5811256170272827
0.5811256170272827
0.5811256170272827
0.7949200376293509
