0.9636457562446594
0.8938281536102295
0.8938281536102295
0.8938281536102295
0.8349253535270691
0.8349253535270691
0.8349253535270691
0.8349253535270691
0.6405220031738281
0.6405220031738281
0.6405220031738281
0.6405220031738281
0.6405220031738281
0.6405220031738281
0.6405220031738281
0.6405220031738281
0.6405220031738281
0.6405220031738281
0.6405220031738281
0.6405220031738281
0.6405220031738281
0.6405220031738281
0.6405220031738281
0.6405220031738281
0.6405220031738281
0.6405220031738281
0.6405220031738281
0.6405220031738281
0.6405220031738281
0.6405220031738281
0.6405220031738281
0.6405220031738281
0.6405220031738281
0.6405220031738281
0.6405220031738281
0.6405220031738281
0.6405220031738281
0.6405220031738281
0.6405220031738281
0.6405220031738281
0.7406311637080868
