1.005578875541687 [65 93 88]
1.0003068447113037 [ 43  74 118]
0.9062082767486572 [90 73 81]
0.899303138256073 [125 110 107]
0.733823835849762 [55 76 84]
0.733823835849762 [55 76 84]
0.733823835849762 [55 76 84]
0.733823835849762 [55 76 84]
0.733823835849762 [55 76 84]
0.733823835849762 [55 76 84]
0.733823835849762 [55 76 84]
0.733823835849762 [55 76 84]
0.733823835849762 [55 76 84]
0.733823835849762 [55 76 84]
0.733823835849762 [55 76 84]
0.733823835849762 [55 76 84]
0.733823835849762 [55 76 84]
0.733823835849762 [55 76 84]
0.733823835849762 [55 76 84]
0.733823835849762 [55 76 84]
0.733823835849762 [55 76 84]
0.6255174875259399 [ 94 122 128]
0.6255174875259399 [ 94 122 128]
0.6255174875259399 [ 94 122 128]
0.6255174875259399 [ 94 122 128]
0.6255174875259399 [ 94 122 128]
0.6255174875259399 [ 94 122 128]
0.6255174875259399 [ 94 122 128]
0.6255174875259399 [ 94 122 128]
0.6255174875259399 [ 94 122 128]
0.6255174875259399 [ 94 122 128]
0.6255174875259399 [ 94 122 128]
0.6255174875259399 [ 94 122 128]
0.6255174875259399 [ 94 122 128]
0.6255174875259399 [ 94 122 128]
0.6255174875259399 [ 94 122 128]
0.6255174875259399 [ 94 122 128]
0.6255174875259399 [ 94 122 128]
0.6255174875259399 [ 94 122 128]
0.6255174875259399 [ 94 122 128]
ACC 0.7845601436265709
