0.9142990112304688 [101  57 119]
0.9142990112304688 [101  57 119]
0.9142990112304688 [101  57 119]
0.9142990112304688 [101  57 119]
0.7730022072792053 [104 125 123]
0.7730022072792053 [104 125 123]
0.7730022072792053 [104 125 123]
0.7730022072792053 [104 125 123]
0.7730022072792053 [104 125 123]
0.7730022072792053 [104 125 123]
0.7730022072792053 [104 125 123]
0.7730022072792053 [104 125 123]
0.7730022072792053 [104 125 123]
0.604106068611145 [ 62  85 119]
0.604106068611145 [ 62  85 119]
0.604106068611145 [ 62  85 119]
0.604106068611145 [ 62  85 119]
0.604106068611145 [ 62  85 119]
0.604106068611145 [ 62  85 119]
0.604106068611145 [ 62  85 119]
0.604106068611145 [ 62  85 119]
0.604106068611145 [ 62  85 119]
0.604106068611145 [ 62  85 119]
0.604106068611145 [ 62  85 119]
0.604106068611145 [ 62  85 119]
0.604106068611145 [ 62  85 119]
0.604106068611145 [ 62  85 119]
0.604106068611145 [ 62  85 119]
0.604106068611145 [ 62  85 119]
0.604106068611145 [ 62  85 119]
0.604106068611145 [ 62  85 119]
0.604106068611145 [ 62  85 119]
0.604106068611145 [ 62  85 119]
0.604106068611145 [ 62  85 119]
0.604106068611145 [ 62  85 119]
0.604106068611145 [ 62  85 119]
0.604106068611145 [ 62  85 119]
0.597772479057312 [121  61  66]
0.597772479057312 [121  61  66]
0.597772479057312 [121  61  66]
ACC 0.7494969818913481
