0.12816669046878815 [ 69  65 128]
0.12816669046878815 [ 69  65 128]
0.12816669046878815 [ 69  65 128]
0.12816669046878815 [ 69  65 128]
0.12816669046878815 [ 69  65 128]
0.12816669046878815 [ 69  65 128]
0.11611218005418777 [17 65 96]
0.11611218005418777 [17 65 96]
0.11611218005418777 [17 65 96]
0.11611218005418777 [17 65 96]
0.11611218005418777 [17 65 96]
0.11611218005418777 [17 65 96]
0.11611218005418777 [17 65 96]
0.09104624390602112 [85 68 88]
0.09104624390602112 [85 68 88]
0.09104624390602112 [85 68 88]
0.09104624390602112 [85 68 88]
0.09104624390602112 [85 68 88]
0.09104624390602112 [85 68 88]
0.09104624390602112 [85 68 88]
0.09104624390602112 [85 68 88]
0.09104624390602112 [85 68 88]
0.09104624390602112 [85 68 88]
0.09104624390602112 [85 68 88]
0.09104624390602112 [85 68 88]
0.09104624390602112 [85 68 88]
0.09104624390602112 [85 68 88]
0.09104624390602112 [85 68 88]
0.09104624390602112 [85 68 88]
0.09104624390602112 [85 68 88]
0.09104624390602112 [85 68 88]
0.09104624390602112 [85 68 88]
0.09104624390602112 [85 68 88]
0.09104624390602112 [85 68 88]
0.09104624390602112 [85 68 88]
0.09104624390602112 [85 68 88]
0.09104624390602112 [85 68 88]
0.09104624390602112 [85 68 88]
0.09104624390602112 [85 68 88]
0.09104624390602112 [85 68 88]
ACC 0.9127962085308057
