0.1805756837129593 [ 36 126  92]
0.1805756837129593 [ 36 126  92]
0.1805756837129593 [ 36 126  92]
0.18008852005004883 [44 60 92]
0.16683821380138397 [44 60 92]
0.16683821380138397 [44 60 92]
0.16149869561195374 [128 117  96]
0.16149869561195374 [128 117  96]
0.16149869561195374 [128 117  96]
0.16149869561195374 [128 117  96]
0.16149869561195374 [128 117  96]
0.16149869561195374 [128 117  96]
0.16149869561195374 [128 117  96]
0.16149869561195374 [128 117  96]
0.16149869561195374 [128 117  96]
0.16149869561195374 [128 117  96]
0.16149869561195374 [128 117  96]
0.16149869561195374 [128 117  96]
0.16149869561195374 [128 117  96]
0.16149869561195374 [128 117  96]
0.1595703810453415 [ 73 102  61]
0.1595703810453415 [ 73 102  61]
0.1595703810453415 [ 73 102  61]
0.1595703810453415 [ 73 102  61]
0.1595703810453415 [ 73 102  61]
0.1595703810453415 [ 73 102  61]
0.1595703810453415 [ 73 102  61]
0.1595703810453415 [ 73 102  61]
0.1595703810453415 [ 73 102  61]
0.15538819134235382 [78 99 30]
0.15538819134235382 [78 99 30]
0.15538819134235382 [78 99 30]
0.15538819134235382 [78 99 30]
0.15538819134235382 [78 99 30]
0.15538819134235382 [78 99 30]
0.15538819134235382 [78 99 30]
0.14705628156661987 [ 49 128 128]
0.14705628156661987 [ 49 128 128]
0.14705628156661987 [ 49 128 128]
0.14705628156661987 [ 49 128 128]
ACC 0.8571428571428571
