0.7537907958030701 [ 46  61 122]
0.7537907958030701 [ 46  61 122]
0.7537907958030701 [ 46  61 122]
0.7537907958030701 [ 46  61 122]
0.7537907958030701 [ 46  61 122]
0.7537907958030701 [ 46  61 122]
0.7537907958030701 [ 46  61 122]
0.7537907958030701 [ 46  61 122]
0.7537907958030701 [ 46  61 122]
0.704714834690094 [125  91 113]
0.704714834690094 [125  91 113]
0.704714834690094 [125  91 113]
0.704714834690094 [125  91 113]
0.704714834690094 [125  91 113]
0.704714834690094 [125  91 113]
0.704714834690094 [125  91 113]
0.704714834690094 [125  91 113]
0.704714834690094 [125  91 113]
0.704714834690094 [125  91 113]
0.704714834690094 [125  91 113]
0.704714834690094 [125  91 113]
0.704714834690094 [125  91 113]
0.690005898475647 [ 85  97 128]
0.690005898475647 [ 85  97 128]
0.690005898475647 [ 85  97 128]
0.690005898475647 [ 85  97 128]
0.6840866208076477 [80 56 49]
0.6840866208076477 [80 56 49]
0.6840866208076477 [80 56 49]
0.6840866208076477 [80 56 49]
0.6840866208076477 [80 56 49]
0.6840866208076477 [80 56 49]
0.6840866208076477 [80 56 49]
0.6840866208076477 [80 56 49]
0.6840866208076477 [80 56 49]
0.6840866208076477 [80 56 49]
0.6840866208076477 [80 56 49]
0.6840866208076477 [80 56 49]
0.6840866208076477 [80 56 49]
0.6840866208076477 [80 56 49]
ACC 0.7200374531835206
