0.20362749695777893 [ 67 126  92]
0.20362749695777893 [ 67 126  92]
0.20362749695777893 [ 67 126  92]
0.20362749695777893 [ 67 126  92]
0.20362749695777893 [ 67 126  92]
0.20362749695777893 [ 67 126  92]
0.20362749695777893 [ 67 126  92]
0.20042963325977325 [108 128  67]
0.20042963325977325 [108 128  67]
0.20042963325977325 [108 128  67]
0.20042963325977325 [108 128  67]
0.20042963325977325 [108 128  67]
0.20042963325977325 [108 128  67]
0.17979273200035095 [108 128 122]
0.17979273200035095 [108 128 122]
0.17979273200035095 [108 128 122]
0.17979273200035095 [108 128 122]
0.17979273200035095 [108 128 122]
0.17979273200035095 [108 128 122]
0.17979273200035095 [108 128 122]
0.17979273200035095 [108 128 122]
0.17979273200035095 [108 128 122]
0.17979273200035095 [108 128 122]
0.17979273200035095 [108 128 122]
0.17979273200035095 [108 128 122]
0.17979273200035095 [108 128 122]
0.17979273200035095 [108 128 122]
0.17979273200035095 [108 128 122]
0.17979273200035095 [108 128 122]
0.17979273200035095 [108 128 122]
0.17979273200035095 [108 128 122]
0.17979273200035095 [108 128 122]
0.17979273200035095 [108 128 122]
0.17979273200035095 [108 128 122]
0.17979273200035095 [108 128 122]
0.17979273200035095 [108 128 122]
0.17979273200035095 [108 128 122]
0.17979273200035095 [108 128 122]
0.17979273200035095 [108 128 122]
0.17979273200035095 [108 128 122]
ACC 0.873453853472883
