0.20105822384357452
0.1887972354888916
0.1761816143989563
0.15868167579174042
0.15868167579174042
0.15868167579174042
0.15868167579174042
0.1465461403131485
0.13589099049568176
0.13589099049568176
0.13589099049568176
0.13589099049568176
0.13589099049568176
0.13589099049568176
0.13589099049568176
0.13589099049568176
0.13589099049568176
0.13589099049568176
0.13589099049568176
0.13589099049568176
0.13589099049568176
0.13589099049568176
0.13589099049568176
0.13589099049568176
0.13589099049568176
0.13589099049568176
0.13589099049568176
0.13589099049568176
0.13589099049568176
0.13589099049568176
0.13589099049568176
0.13589099049568176
0.13589099049568176
0.13589099049568176
0.13589099049568176
0.13589099049568176
0.13589099049568176
0.13589099049568176
0.13589099049568176
0.13589099049568176
0.8802816901408451
