0.28262433409690857 [ 94 117  62]
0.28262433409690857 [ 94 117  62]
0.2501099407672882 [74 69 57]
0.2501099407672882 [74 69 57]
0.2501099407672882 [74 69 57]
0.2501099407672882 [74 69 57]
0.2501099407672882 [74 69 57]
0.2501099407672882 [74 69 57]
0.2501099407672882 [74 69 57]
0.2501099407672882 [74 69 57]
0.2501099407672882 [74 69 57]
0.2501099407672882 [74 69 57]
0.24830903112888336 [ 74 128  84]
0.24830903112888336 [ 74 128  84]
0.24830903112888336 [ 74 128  84]
0.24830903112888336 [ 74 128  84]
0.23419857025146484 [ 50 128  73]
0.23419857025146484 [ 50 128  73]
0.23419857025146484 [ 50 128  73]
0.23419857025146484 [ 50 128  73]
0.23419857025146484 [ 50 128  73]
0.23419857025146484 [ 50 128  73]
0.23419857025146484 [ 50 128  73]
0.23419857025146484 [ 50 128  73]
0.23419857025146484 [ 50 128  73]
0.23419857025146484 [ 50 128  73]
0.23419857025146484 [ 50 128  73]
0.23419857025146484 [ 50 128  73]
0.23419857025146484 [ 50 128  73]
0.23419857025146484 [ 50 128  73]
0.23419857025146484 [ 50 128  73]
0.23419857025146484 [ 50 128  73]
0.23419857025146484 [ 50 128  73]
0.23419857025146484 [ 50 128  73]
0.23419857025146484 [ 50 128  73]
0.23419857025146484 [ 50 128  73]
0.23419857025146484 [ 50 128  73]
0.23419857025146484 [ 50 128  73]
0.23419857025146484 [ 50 128  73]
0.2190438210964203 [ 59 128  92]
ACC 0.8259557344064387
