0.24290050566196442
0.19877003133296967
0.19120024144649506
0.19120024144649506
0.19120024144649506
0.19120024144649506
0.19120024144649506
0.19120024144649506
0.19120024144649506
0.19120024144649506
0.19120024144649506
0.19120024144649506
0.19120024144649506
0.19120024144649506
0.19105076789855957
0.19105076789855957
0.17656302452087402
0.17656302452087402
0.17656302452087402
0.17656302452087402
0.17656302452087402
0.17656302452087402
0.17656302452087402
0.17656302452087402
0.17656302452087402
0.17656302452087402
0.17656302452087402
0.17656302452087402
0.17656302452087402
0.17656302452087402
0.17656302452087402
0.17656302452087402
0.17656302452087402
0.17656302452087402
0.17656302452087402
0.17235048115253448
0.17235048115253448
0.17235048115253448
0.17235048115253448
0.17235048115253448
0.8522622345337026
