0.5933544635772705 [ 43  81 118]
0.5933544635772705 [ 43  81 118]
0.5933544635772705 [ 43  81 118]
0.5933544635772705 [ 43  81 118]
0.5933544635772705 [ 43  81 118]
0.5933544635772705 [ 43  81 118]
0.5933544635772705 [ 43  81 118]
0.5933544635772705 [ 43  81 118]
0.5933544635772705 [ 43  81 118]
0.5933544635772705 [ 43  81 118]
0.5933544635772705 [ 43  81 118]
0.5933544635772705 [ 43  81 118]
0.5933544635772705 [ 43  81 118]
0.5933544635772705 [ 43  81 118]
0.5933544635772705 [ 43  81 118]
0.5933544635772705 [ 43  81 118]
0.5933544635772705 [ 43  81 118]
0.5933544635772705 [ 43  81 118]
0.5933544635772705 [ 43  81 118]
0.5933544635772705 [ 43  81 118]
0.5933544635772705 [ 43  81 118]
0.5933544635772705 [ 43  81 118]
0.5933544635772705 [ 43  81 118]
0.5933544635772705 [ 43  81 118]
0.5933544635772705 [ 43  81 118]
0.5933544635772705 [ 43  81 118]
0.5933544635772705 [ 43  81 118]
0.5933544635772705 [ 43  81 118]
0.5933544635772705 [ 43  81 118]
0.5933544635772705 [ 43  81 118]
0.5933544635772705 [ 43  81 118]
0.5933544635772705 [ 43  81 118]
0.5933544635772705 [ 43  81 118]
0.5933544635772705 [ 43  81 118]
0.5933544635772705 [ 43  81 118]
0.5933544635772705 [ 43  81 118]
0.5933544635772705 [ 43  81 118]
0.5933544635772705 [ 43  81 118]
0.5933544635772705 [ 43  81 118]
0.5933544635772705 [ 43  81 118]
ACC 0.7754519505233112
