0.7902939319610596 [115  72  96]
0.7902939319610596 [115  72  96]
0.6696794629096985 [ 85  77 113]
0.6696794629096985 [ 85  77 113]
0.6696794629096985 [ 85  77 113]
0.6696794629096985 [ 85  77 113]
0.6229222416877747 [128  68 110]
0.6229222416877747 [128  68 110]
0.6229222416877747 [128  68 110]
0.6229222416877747 [128  68 110]
0.6229222416877747 [128  68 110]
0.6229222416877747 [128  68 110]
0.6229222416877747 [128  68 110]
0.6229222416877747 [128  68 110]
0.6229222416877747 [128  68 110]
0.6229222416877747 [128  68 110]
0.6229222416877747 [128  68 110]
0.6229222416877747 [128  68 110]
0.6229222416877747 [128  68 110]
0.6229222416877747 [128  68 110]
0.6229222416877747 [128  68 110]
0.6229222416877747 [128  68 110]
0.6229222416877747 [128  68 110]
0.6229222416877747 [128  68 110]
0.6229222416877747 [128  68 110]
0.6229222416877747 [128  68 110]
0.6229222416877747 [128  68 110]
0.6229222416877747 [128  68 110]
0.6229222416877747 [128  68 110]
0.6229222416877747 [128  68 110]
0.6229222416877747 [128  68 110]
0.6229222416877747 [128  68 110]
0.6229222416877747 [128  68 110]
0.6229222416877747 [128  68 110]
0.6229222416877747 [128  68 110]
0.6229222416877747 [128  68 110]
0.6229222416877747 [128  68 110]
0.6229222416877747 [128  68 110]
0.6229222416877747 [128  68 110]
0.6229222416877747 [128  68 110]
ACC 0.7666068222621185
