0.9706335067749023 [ 81  73 108]
0.8428761959075928 [128 123  78]
0.8428761959075928 [128 123  78]
0.6317995190620422 [110 107 102]
0.6317995190620422 [110 107 102]
0.6317995190620422 [110 107 102]
0.6317995190620422 [110 107 102]
0.6317995190620422 [110 107 102]
0.6317995190620422 [110 107 102]
0.6317995190620422 [110 107 102]
0.6317995190620422 [110 107 102]
0.6317995190620422 [110 107 102]
0.6317995190620422 [110 107 102]
0.6317995190620422 [110 107 102]
0.6317995190620422 [110 107 102]
0.6317995190620422 [110 107 102]
0.6317995190620422 [110 107 102]
0.6317995190620422 [110 107 102]
0.6317995190620422 [110 107 102]
0.6317995190620422 [110 107 102]
0.6317995190620422 [110 107 102]
0.6317995190620422 [110 107 102]
0.6317995190620422 [110 107 102]
0.6317995190620422 [110 107 102]
0.6317995190620422 [110 107 102]
0.6317995190620422 [110 107 102]
0.6317995190620422 [110 107 102]
0.6317995190620422 [110 107 102]
0.6317995190620422 [110 107 102]
0.6317995190620422 [110 107 102]
0.6317995190620422 [110 107 102]
0.6317995190620422 [110 107 102]
0.6317995190620422 [110 107 102]
0.6317995190620422 [110 107 102]
0.6317995190620422 [110 107 102]
0.6317995190620422 [110 107 102]
0.5914149284362793 [127 128 128]
0.5914149284362793 [127 128 128]
0.5914149284362793 [127 128 128]
0.5914149284362793 [127 128 128]
ACC 0.7817497648165569
