0.17606917023658752
0.17063747346401215
0.17063747346401215
0.17063747346401215
0.15013721585273743
0.15013721585273743
0.15013721585273743
0.15013721585273743
0.15013721585273743
0.15013721585273743
0.15013721585273743
0.15013721585273743
0.1487426608800888
0.1487426608800888
0.1487426608800888
0.1487426608800888
0.1487426608800888
0.1487426608800888
0.1487426608800888
0.1487426608800888
0.1487426608800888
0.1487426608800888
0.1487426608800888
0.1487426608800888
0.1487426608800888
0.1487426608800888
0.1487426608800888
0.1487426608800888
0.1487426608800888
0.1487426608800888
0.1487426608800888
0.1487426608800888
0.1487426608800888
0.1487426608800888
0.1487426608800888
0.1487426608800888
0.1487426608800888
0.1487426608800888
0.1487426608800888
0.1487426608800888
0.8621730382293763
