0.23624181747436523
0.23624181747436523
0.22788123786449432
0.22788123786449432
0.22788123786449432
0.22788123786449432
0.22788123786449432
0.22788123786449432
0.22788123786449432
0.20617027580738068
0.20617027580738068
0.20617027580738068
0.20617027580738068
0.20617027580738068
0.20617027580738068
0.20617027580738068
0.20617027580738068
0.20617027580738068
0.20617027580738068
0.20617027580738068
0.20617027580738068
0.20617027580738068
0.20617027580738068
0.20528607070446014
0.20528607070446014
0.20528607070446014
0.20528607070446014
0.20528607070446014
0.20528607070446014
0.20528607070446014
0.20528607070446014
0.20528607070446014
0.20528607070446014
0.20528607070446014
0.20528607070446014
0.20528607070446014
0.20528607070446014
0.20528607070446014
0.20528607070446014
0.20528607070446014
0.8460764587525151
