0.9161472916603088
0.8799662590026855
0.5993567705154419
0.5993567705154419
0.5993567705154419
0.5993567705154419
0.5919976830482483
0.5919976830482483
0.5919976830482483
0.5919976830482483
0.5919976830482483
0.5919976830482483
0.5919976830482483
0.5919976830482483
0.5919976830482483
0.5919976830482483
0.5919976830482483
0.5919976830482483
0.5919976830482483
0.5919976830482483
0.5919976830482483
0.5919976830482483
0.5919976830482483
0.5919976830482483
0.5919976830482483
0.5746275186538696
0.5746275186538696
0.5746275186538696
0.5746275186538696
0.5746275186538696
0.5746275186538696
0.5746275186538696
0.5746275186538696
0.5746275186538696
0.5746275186538696
0.5746275186538696
0.5746275186538696
0.5746275186538696
0.5746275186538696
0.5746275186538696
0.7736742424242424
