0.8933393359184265
0.8385742902755737
0.8385742902755737
0.7325657606124878
0.7325657606124878
0.7325657606124878
0.7325657606124878
0.7325657606124878
0.7325657606124878
0.7325657606124878
0.7325657606124878
0.7325657606124878
0.6903674006462097
0.6903674006462097
0.6903674006462097
0.6903674006462097
0.6903674006462097
0.6903674006462097
0.6903674006462097
0.6903674006462097
0.6903674006462097
0.6903674006462097
0.6903674006462097
0.6903674006462097
0.6903674006462097
0.6903674006462097
0.6903674006462097
0.6903674006462097
0.6903674006462097
0.6903674006462097
0.6903674006462097
0.6903674006462097
0.6903674006462097
0.6903674006462097
0.6903674006462097
0.6903674006462097
0.6903674006462097
0.6903674006462097
0.6903674006462097
0.6903674006462097
0.7663734115347018
