0.12131167948246002
0.1120872050523758
0.1120872050523758
0.09981995075941086
0.08874009549617767
0.08874009549617767
0.08874009549617767
0.08874009549617767
0.08874009549617767
0.08015920966863632
0.08015920966863632
0.08015920966863632
0.08015920966863632
0.08015920966863632
0.08015920966863632
0.08015920966863632
0.08015920966863632
0.08015920966863632
0.08015920966863632
0.08015920966863632
0.08015920966863632
0.07580569386482239
0.07580569386482239
0.07580569386482239
0.07580569386482239
0.07580569386482239
0.07580569386482239
0.07580569386482239
0.07580569386482239
0.07580569386482239
0.07580569386482239
0.07580569386482239
0.07580569386482239
0.07580569386482239
0.07580569386482239
0.07580569386482239
0.07580569386482239
0.07580569386482239
0.07580569386482239
0.07580569386482239
0.9068673565380997
