0.2450089007616043
0.2442476749420166
0.22002100944519043
0.22002100944519043
0.22002100944519043
0.22002100944519043
0.22002100944519043
0.22002100944519043
0.22002100944519043
0.22002100944519043
0.22002100944519043
0.22002100944519043
0.22002100944519043
0.22002100944519043
0.22002100944519043
0.22002100944519043
0.2119976133108139
0.2119976133108139
0.2119976133108139
0.2119976133108139
0.2119976133108139
0.2119976133108139
0.2119976133108139
0.2119976133108139
0.2119976133108139
0.2119976133108139
0.2119976133108139
0.2119976133108139
0.2119976133108139
0.2119976133108139
0.2119976133108139
0.2007620930671692
0.2007620930671692
0.2007620930671692
0.2007620930671692
0.2007620930671692
0.2007620930671692
0.2007620930671692
0.2007620930671692
0.2007620930671692
0.857278782112274
