0.15757402777671814
0.11696640402078629
0.09710720926523209
0.09710720926523209
0.09710720926523209
0.09710720926523209
0.09710720926523209
0.09710720926523209
0.09710720926523209
0.09710720926523209
0.09710720926523209
0.09710720926523209
0.09710720926523209
0.09700044989585876
0.09700044989585876
0.09700044989585876
0.09700044989585876
0.09700044989585876
0.09700044989585876
0.09700044989585876
0.09700044989585876
0.09700044989585876
0.09700044989585876
0.09700044989585876
0.09700044989585876
0.09700044989585876
0.09700044989585876
0.09700044989585876
0.09700044989585876
0.09700044989585876
0.09700044989585876
0.09700044989585876
0.09700044989585876
0.09700044989585876
0.09700044989585876
0.09700044989585876
0.09700044989585876
0.08015184104442596
0.08015184104442596
0.08015184104442596
0.9080568720379147
