0.2637367248535156 [ 84 102 127]
0.2637367248535156 [ 84 102 127]
0.2323085516691208 [ 70 102 127]
0.2323085516691208 [ 70 102 127]
0.2323085516691208 [ 70 102 127]
0.2323085516691208 [ 70 102 127]
0.2323085516691208 [ 70 102 127]
0.2323085516691208 [ 70 102 127]
0.2323085516691208 [ 70 102 127]
0.2323085516691208 [ 70 102 127]
0.2323085516691208 [ 70 102 127]
0.2323085516691208 [ 70 102 127]
0.2323085516691208 [ 70 102 127]
0.2323085516691208 [ 70 102 127]
0.2323085516691208 [ 70 102 127]
0.2323085516691208 [ 70 102 127]
0.2323085516691208 [ 70 102 127]
0.2323085516691208 [ 70 102 127]
0.2323085516691208 [ 70 102 127]
0.2323085516691208 [ 70 102 127]
0.2323085516691208 [ 70 102 127]
0.2323085516691208 [ 70 102 127]
0.20957185328006744 [ 54 128 128]
0.20957185328006744 [ 54 128 128]
0.20957185328006744 [ 54 128 128]
0.20957185328006744 [ 54 128 128]
0.20957185328006744 [ 54 128 128]
0.20957185328006744 [ 54 128 128]
0.20957185328006744 [ 54 128 128]
0.20957185328006744 [ 54 128 128]
0.20957185328006744 [ 54 128 128]
0.20957185328006744 [ 54 128 128]
0.20957185328006744 [ 54 128 128]
0.20957185328006744 [ 54 128 128]
0.20957185328006744 [ 54 128 128]
0.20957185328006744 [ 54 128 128]
0.20957185328006744 [ 54 128 128]
0.20957185328006744 [ 54 128 128]
0.20957185328006744 [ 54 128 128]
0.20957185328006744 [ 54 128 128]
ACC 0.8450704225352113
