0.8229005932807922
0.8201359510421753
0.8201359510421753
0.8201359510421753
0.8201359510421753
0.7282014489173889
0.6847829222679138
0.6847829222679138
0.6847829222679138
0.6847829222679138
0.6847829222679138
0.6847829222679138
0.6847829222679138
0.6847829222679138
0.6847829222679138
0.6847829222679138
0.6847829222679138
0.6847829222679138
0.6847829222679138
0.6847829222679138
0.6847829222679138
0.6847829222679138
0.6847829222679138
0.6847829222679138
0.6663627028465271
0.6663627028465271
0.6663627028465271
0.6663627028465271
0.6663627028465271
0.6151100993156433
0.6151100993156433
0.6151100993156433
0.6151100993156433
0.6151100993156433
0.6151100993156433
0.6151100993156433
0.6151100993156433
0.6151100993156433
0.6151100993156433
0.6151100993156433
0.7791741472172352
