0.257578045129776
0.257578045129776
0.21108286082744598
0.21108286082744598
0.21108286082744598
0.21108286082744598
0.21108286082744598
0.21108286082744598
0.21108286082744598
0.21108286082744598
0.21108286082744598
0.21108286082744598
0.21108286082744598
0.21108286082744598
0.21108286082744598
0.21108286082744598
0.21108286082744598
0.21108286082744598
0.21108286082744598
0.21108286082744598
0.20374950766563416
0.20374950766563416
0.20374950766563416
0.20374950766563416
0.20374950766563416
0.20374950766563416
0.20374950766563416
0.20374950766563416
0.20374950766563416
0.20374950766563416
0.20374950766563416
0.20374950766563416
0.20374950766563416
0.20374950766563416
0.20374950766563416
0.20374950766563416
0.20374950766563416
0.20374950766563416
0.20374950766563416
0.20374950766563416
0.850187265917603
