0.18718750774860382 [60 96 26]
0.1863032579421997 [103  54 127]
0.1863032579421997 [103  54 127]
0.1863032579421997 [103  54 127]
0.1863032579421997 [103  54 127]
0.1863032579421997 [103  54 127]
0.1863032579421997 [103  54 127]
0.1863032579421997 [103  54 127]
0.1863032579421997 [103  54 127]
0.1824454963207245 [112  80 128]
0.1712673008441925 [112  80 128]
0.1712673008441925 [112  80 128]
0.1712673008441925 [112  80 128]
0.1712673008441925 [112  80 128]
0.1712673008441925 [112  80 128]
0.1712673008441925 [112  80 128]
0.1712673008441925 [112  80 128]
0.1712673008441925 [112  80 128]
0.1712673008441925 [112  80 128]
0.1712673008441925 [112  80 128]
0.1712673008441925 [112  80 128]
0.1712673008441925 [112  80 128]
0.1712673008441925 [112  80 128]
0.1712673008441925 [112  80 128]
0.1712673008441925 [112  80 128]
0.1712673008441925 [112  80 128]
0.1712673008441925 [112  80 128]
0.1712673008441925 [112  80 128]
0.1712673008441925 [112  80 128]
0.169047549366951 [ 71 101  62]
0.169047549366951 [ 71 101  62]
0.169047549366951 [ 71 101  62]
0.169047549366951 [ 71 101  62]
0.169047549366951 [ 71 101  62]
0.15599842369556427 [ 84 101  62]
0.15599842369556427 [ 84 101  62]
0.15599842369556427 [ 84 101  62]
0.15599842369556427 [ 84 101  62]
0.15599842369556427 [ 84 101  62]
0.15599842369556427 [ 84 101  62]
ACC 0.8578290105667628
