0.8175008296966553
0.8175008296966553
0.7265493273735046
0.7265493273735046
0.7265493273735046
0.7265493273735046
0.7265493273735046
0.7265493273735046
0.7265493273735046
0.7265493273735046
0.7265493273735046
0.7265493273735046
0.7265493273735046
0.7265493273735046
0.7049209475517273
0.7049209475517273
0.7049209475517273
0.7049209475517273
0.5998994708061218
0.5998994708061218
0.5998994708061218
0.5998994708061218
0.5998994708061218
0.5998994708061218
0.5998994708061218
0.5998994708061218
0.5998994708061218
0.5998994708061218
0.5998994708061218
0.5998994708061218
0.5998994708061218
0.5998994708061218
0.5998994708061218
0.5998994708061218
0.5998994708061218
0.5998994708061218
0.5998994708061218
0.5998994708061218
0.5998994708061218
0.5998994708061218
0.7735490009514748
