0.2433885633945465 [109  84  92]
0.1732500046491623 [60 62 62]
0.1732500046491623 [60 62 62]
0.1732500046491623 [60 62 62]
0.1732500046491623 [60 62 62]
0.1732500046491623 [60 62 62]
0.1732500046491623 [60 62 62]
0.1732500046491623 [60 62 62]
0.1732500046491623 [60 62 62]
0.1732500046491623 [60 62 62]
0.1732500046491623 [60 62 62]
0.1732500046491623 [60 62 62]
0.1732500046491623 [60 62 62]
0.16220583021640778 [ 95 128   7]
0.16220583021640778 [ 95 128   7]
0.16220583021640778 [ 95 128   7]
0.16220583021640778 [ 95 128   7]
0.16220583021640778 [ 95 128   7]
0.16220583021640778 [ 95 128   7]
0.16220583021640778 [ 95 128   7]
0.16220583021640778 [ 95 128   7]
0.1571800708770752 [103  74  32]
0.1571800708770752 [103  74  32]
0.1571800708770752 [103  74  32]
0.1571800708770752 [103  74  32]
0.1571800708770752 [103  74  32]
0.1571800708770752 [103  74  32]
0.1571800708770752 [103  74  32]
0.1571800708770752 [103  74  32]
0.1571800708770752 [103  74  32]
0.1571800708770752 [103  74  32]
0.1571800708770752 [103  74  32]
0.1571800708770752 [103  74  32]
0.1571800708770752 [103  74  32]
0.1571800708770752 [103  74  32]
0.1571800708770752 [103  74  32]
0.1571800708770752 [103  74  32]
0.1571800708770752 [103  74  32]
0.1571800708770752 [103  74  32]
0.1571800708770752 [103  74  32]
ACC 0.8683712121212122
