0.20244213938713074
0.17475399374961853
0.17475399374961853
0.17475399374961853
0.17475399374961853
0.17475399374961853
0.17475399374961853
0.17475399374961853
0.17475399374961853
0.17475399374961853
0.17475399374961853
0.17475399374961853
0.17475399374961853
0.1680048704147339
0.1680048704147339
0.16006755828857422
0.16006755828857422
0.15717139840126038
0.15717139840126038
0.15717139840126038
0.15717139840126038
0.15717139840126038
0.15717139840126038
0.15717139840126038
0.15717139840126038
0.15717139840126038
0.15717139840126038
0.15717139840126038
0.15717139840126038
0.15717139840126038
0.15717139840126038
0.15717139840126038
0.15717139840126038
0.15717139840126038
0.13776417076587677
0.13776417076587677
0.13776417076587677
0.13776417076587677
0.13776417076587677
0.13776417076587677
0.8976660682226212
