0.20947138965129852
0.19530212879180908
0.17031070590019226
0.17031070590019226
0.17031070590019226
0.17031070590019226
0.17031070590019226
0.17031070590019226
0.17031070590019226
0.17031070590019226
0.17031070590019226
0.17031070590019226
0.17031070590019226
0.1653635948896408
0.1653635948896408
0.1653635948896408
0.1653635948896408
0.1653635948896408
0.1653635948896408
0.1653635948896408
0.1653635948896408
0.1653635948896408
0.1653635948896408
0.1653635948896408
0.1653635948896408
0.1653635948896408
0.1653635948896408
0.1653635948896408
0.1653635948896408
0.1653635948896408
0.1653635948896408
0.1653635948896408
0.1653635948896408
0.1653635948896408
0.15420472621917725
0.15420472621917725
0.15420472621917725
0.15420472621917725
0.15420472621917725
0.15420472621917725
0.8558052434456929
