0.290768027305603
0.2878642976284027
0.2878642976284027
0.2593735158443451
0.1973128616809845
0.1973128616809845
0.1973128616809845
0.1973128616809845
0.1973128616809845
0.1973128616809845
0.1973128616809845
0.1973128616809845
0.1973128616809845
0.1973128616809845
0.1973128616809845
0.1973128616809845
0.1973128616809845
0.1973128616809845
0.1973128616809845
0.1973128616809845
0.1973128616809845
0.1973128616809845
0.1973128616809845
0.1973128616809845
0.1973128616809845
0.1973128616809845
0.1973128616809845
0.1973128616809845
0.1973128616809845
0.1973128616809845
0.1973128616809845
0.1973128616809845
0.1973128616809845
0.1973128616809845
0.1973128616809845
0.1973128616809845
0.1973128616809845
0.1973128616809845
0.1973128616809845
0.1973128616809845
0.8548689138576779
