0.14505091309547424
0.14505091309547424
0.14505091309547424
0.14505091309547424
0.1336243748664856
0.1336243748664856
0.1336243748664856
0.1336243748664856
0.1336243748664856
0.12716469168663025
0.12716469168663025
0.12716469168663025
0.09823103994131088
0.09823103994131088
0.09823103994131088
0.09823103994131088
0.09823103994131088
0.09823103994131088
0.09823103994131088
0.09823103994131088
0.09823103994131088
0.09823103994131088
0.09823103994131088
0.09823103994131088
0.09823103994131088
0.09823103994131088
0.09823103994131088
0.09823103994131088
0.09823103994131088
0.09823103994131088
0.09823103994131088
0.09823103994131088
0.09823103994131088
0.09823103994131088
0.09823103994131088
0.09823103994131088
0.09823103994131088
0.09823103994131088
0.09823103994131088
0.09823103994131088
0.9048938134810711
