0.7257413268089294 [ 90  90 124]
0.7257413268089294 [ 90  90 124]
0.7257413268089294 [ 90  90 124]
0.7257413268089294 [ 90  90 124]
0.7257413268089294 [ 90  90 124]
0.7257413268089294 [ 90  90 124]
0.7257413268089294 [ 90  90 124]
0.7257413268089294 [ 90  90 124]
0.7257413268089294 [ 90  90 124]
0.7257413268089294 [ 90  90 124]
0.7257413268089294 [ 90  90 124]
0.7257413268089294 [ 90  90 124]
0.7119563817977905 [ 51 111 126]
0.7119563817977905 [ 51 111 126]
0.7119563817977905 [ 51 111 126]
0.7119563817977905 [ 51 111 126]
0.7119563817977905 [ 51 111 126]
0.7119563817977905 [ 51 111 126]
0.7119563817977905 [ 51 111 126]
0.7119563817977905 [ 51 111 126]
0.7119563817977905 [ 51 111 126]
0.7119563817977905 [ 51 111 126]
0.7119563817977905 [ 51 111 126]
0.7119563817977905 [ 51 111 126]
0.7119563817977905 [ 51 111 126]
0.7119563817977905 [ 51 111 126]
0.7119563817977905 [ 51 111 126]
0.7119563817977905 [ 51 111 126]
0.7119563817977905 [ 51 111 126]
0.7119563817977905 [ 51 111 126]
0.7119563817977905 [ 51 111 126]
0.7119563817977905 [ 51 111 126]
0.7119563817977905 [ 51 111 126]
0.7119563817977905 [ 51 111 126]
0.7119563817977905 [ 51 111 126]
0.7119563817977905 [ 51 111 126]
0.7119563817977905 [ 51 111 126]
0.7119563817977905 [ 51 111 126]
0.7119563817977905 [ 51 111 126]
0.7119563817977905 [ 51 111 126]
ACC 0.7594254937163375
