0.9383502006530762
0.8151960968971252
0.8151960968971252
0.8151960968971252
0.8151960968971252
0.715000569820404
0.715000569820404
0.715000569820404
0.715000569820404
0.715000569820404
0.715000569820404
0.715000569820404
0.715000569820404
0.715000569820404
0.715000569820404
0.715000569820404
0.715000569820404
0.715000569820404
0.7059000134468079
0.7059000134468079
0.7059000134468079
0.7059000134468079
0.7059000134468079
0.7059000134468079
0.7059000134468079
0.7059000134468079
0.7059000134468079
0.7059000134468079
0.7059000134468079
0.7059000134468079
0.7059000134468079
0.7059000134468079
0.7059000134468079
0.6846873164176941
0.6846873164176941
0.6846873164176941
0.6846873164176941
0.6846873164176941
0.6846873164176941
0.6846873164176941
0.7646493756003843
