0.2433175891637802 [ 95 113  74]
0.2433175891637802 [ 95 113  74]
0.2433175891637802 [ 95 113  74]
0.2433175891637802 [ 95 113  74]
0.2433175891637802 [ 95 113  74]
0.2433175891637802 [ 95 113  74]
0.2433175891637802 [ 95 113  74]
0.2433175891637802 [ 95 113  74]
0.2433175891637802 [ 95 113  74]
0.22280928492546082 [ 55 128  82]
0.22280928492546082 [ 55 128  82]
0.22280928492546082 [ 55 128  82]
0.22280928492546082 [ 55 128  82]
0.22280928492546082 [ 55 128  82]
0.22280928492546082 [ 55 128  82]
0.22280928492546082 [ 55 128  82]
0.22280928492546082 [ 55 128  82]
0.22280928492546082 [ 55 128  82]
0.22280928492546082 [ 55 128  82]
0.22280928492546082 [ 55 128  82]
0.22280928492546082 [ 55 128  82]
0.22280928492546082 [ 55 128  82]
0.22280928492546082 [ 55 128  82]
0.22280928492546082 [ 55 128  82]
0.22280928492546082 [ 55 128  82]
0.22280928492546082 [ 55 128  82]
0.22280928492546082 [ 55 128  82]
0.22280928492546082 [ 55 128  82]
0.22280928492546082 [ 55 128  82]
0.22280928492546082 [ 55 128  82]
0.22280928492546082 [ 55 128  82]
0.21919675171375275 [ 49 126  43]
0.21919675171375275 [ 49 126  43]
0.21919675171375275 [ 49 126  43]
0.21919675171375275 [ 49 126  43]
0.21919675171375275 [ 49 126  43]
0.21919675171375275 [ 49 126  43]
0.21919675171375275 [ 49 126  43]
0.21919675171375275 [ 49 126  43]
0.21919675171375275 [ 49 126  43]
ACC 0.8366247755834829
