0.19196592271327972 [ 23  99 125]
0.19196592271327972 [ 23  99 125]
0.19196592271327972 [ 23  99 125]
0.19196592271327972 [ 23  99 125]
0.19196592271327972 [ 23  99 125]
0.18946075439453125 [ 23  99 108]
0.18249234557151794 [ 35 128  72]
0.18249234557151794 [ 35 128  72]
0.18249234557151794 [ 35 128  72]
0.18249234557151794 [ 35 128  72]
0.18249234557151794 [ 35 128  72]
0.18249234557151794 [ 35 128  72]
0.17791543900966644 [ 35 128 128]
0.17791543900966644 [ 35 128 128]
0.17791543900966644 [ 35 128 128]
0.17791543900966644 [ 35 128 128]
0.17791543900966644 [ 35 128 128]
0.17791543900966644 [ 35 128 128]
0.17791543900966644 [ 35 128 128]
0.17791543900966644 [ 35 128 128]
0.17791543900966644 [ 35 128 128]
0.17791543900966644 [ 35 128 128]
0.17791543900966644 [ 35 128 128]
0.17791543900966644 [ 35 128 128]
0.1675986498594284 [ 49 105 107]
0.1675986498594284 [ 49 105 107]
0.1675986498594284 [ 49 105 107]
0.1675986498594284 [ 49 105 107]
0.1675986498594284 [ 49 105 107]
0.1675986498594284 [ 49 105 107]
0.1675986498594284 [ 49 105 107]
0.1675986498594284 [ 49 105 107]
0.1675986498594284 [ 49 105 107]
0.1675986498594284 [ 49 105 107]
0.1675986498594284 [ 49 105 107]
0.1675986498594284 [ 49 105 107]
0.1675986498594284 [ 49 105 107]
0.1675986498594284 [ 49 105 107]
0.1675986498594284 [ 49 105 107]
0.1675986498594284 [ 49 105 107]
ACC 0.8282442748091603
