0.23635771870613098
0.23635771870613098
0.23635771870613098
0.23635771870613098
0.23635771870613098
0.23635771870613098
0.23635771870613098
0.23635771870613098
0.23635771870613098
0.23635771870613098
0.23635771870613098
0.23635771870613098
0.23635771870613098
0.23635771870613098
0.23635771870613098
0.23635771870613098
0.23635771870613098
0.23635771870613098
0.23635771870613098
0.23635771870613098
0.23635771870613098
0.2244817465543747
0.2244817465543747
0.2244817465543747
0.2244817465543747
0.2244817465543747
0.2244817465543747
0.2244817465543747
0.2244817465543747
0.2244817465543747
0.2244817465543747
0.2244817465543747
0.2244817465543747
0.2244817465543747
0.2244817465543747
0.2244817465543747
0.2244817465543747
0.2244817465543747
0.2244817465543747
0.2244817465543747
0.8500986193293886
