0.13273529708385468
0.13273529708385468
0.12592868506908417
0.12592868506908417
0.12592868506908417
0.12592868506908417
0.12592868506908417
0.12592868506908417
0.12374042719602585
0.12374042719602585
0.12374042719602585
0.11162693798542023
0.11162693798542023
0.11162693798542023
0.11162693798542023
0.11162693798542023
0.11162693798542023
0.11162693798542023
0.10127252340316772
0.10127252340316772
0.10127252340316772
0.10127252340316772
0.10127252340316772
0.10127252340316772
0.10127252340316772
0.10127252340316772
0.10127252340316772
0.09089962393045425
0.09089962393045425
0.09089962393045425
0.09089962393045425
0.09089962393045425
0.09089962393045425
0.09089962393045425
0.09089962393045425
0.09089962393045425
0.09089962393045425
0.09089962393045425
0.09089962393045425
0.09089962393045425
0.9355450236966825
