0.926423966884613 [107  98  77]
0.926423966884613 [107  98  77]
0.7164511680603027 [69 77 83]
0.7164511680603027 [69 77 83]
0.7164511680603027 [69 77 83]
0.7164511680603027 [69 77 83]
0.7164511680603027 [69 77 83]
0.7164511680603027 [69 77 83]
0.7164511680603027 [69 77 83]
0.7164511680603027 [69 77 83]
0.7164511680603027 [69 77 83]
0.7164511680603027 [69 77 83]
0.7164511680603027 [69 77 83]
0.7164511680603027 [69 77 83]
0.7164511680603027 [69 77 83]
0.7164511680603027 [69 77 83]
0.7164511680603027 [69 77 83]
0.7164511680603027 [69 77 83]
0.7164511680603027 [69 77 83]
0.7164511680603027 [69 77 83]
0.7164511680603027 [69 77 83]
0.7164511680603027 [69 77 83]
0.7164511680603027 [69 77 83]
0.7164511680603027 [69 77 83]
0.6900392770767212 [113 105  41]
0.6900392770767212 [113 105  41]
0.6900392770767212 [113 105  41]
0.6900392770767212 [113 105  41]
0.6900392770767212 [113 105  41]
0.6900392770767212 [113 105  41]
0.6900392770767212 [113 105  41]
0.6900392770767212 [113 105  41]
0.6900392770767212 [113 105  41]
0.6900392770767212 [113 105  41]
0.6900392770767212 [113 105  41]
0.6900392770767212 [113 105  41]
0.6900392770767212 [113 105  41]
0.6900392770767212 [113 105  41]
0.6900392770767212 [113 105  41]
0.6900392770767212 [113 105  41]
ACC 0.724401913875598
