0.690753698348999
0.690753698348999
0.690753698348999
0.690753698348999
0.47070059180259705
0.47070059180259705
0.47070059180259705
0.47070059180259705
0.47070059180259705
0.47070059180259705
0.47070059180259705
0.47070059180259705
0.47070059180259705
0.47070059180259705
0.47070059180259705
0.47070059180259705
0.47070059180259705
0.47070059180259705
0.47070059180259705
0.47070059180259705
0.47070059180259705
0.47070059180259705
0.47070059180259705
0.47070059180259705
0.47070059180259705
0.47070059180259705
0.47070059180259705
0.47070059180259705
0.47070059180259705
0.47070059180259705
0.47070059180259705
0.47070059180259705
0.47070059180259705
0.47070059180259705
0.47070059180259705
0.47070059180259705
0.47070059180259705
0.47070059180259705
0.47070059180259705
0.47070059180259705
0.783702213279678
