0.07817303389310837 [ 67  84 121]
0.07817303389310837 [ 67  84 121]
0.0681924968957901 [ 67  84 121]
0.0681924968957901 [ 67  84 121]
0.0681924968957901 [ 67  84 121]
0.0681924968957901 [ 67  84 121]
0.0681924968957901 [ 67  84 121]
0.0681924968957901 [ 67  84 121]
0.0681924968957901 [ 67  84 121]
0.0681924968957901 [ 67  84 121]
0.0681924968957901 [ 67  84 121]
0.0681924968957901 [ 67  84 121]
0.0681924968957901 [ 67  84 121]
0.0681924968957901 [ 67  84 121]
0.0681924968957901 [ 67  84 121]
0.0681924968957901 [ 67  84 121]
0.0681924968957901 [ 67  84 121]
0.0681924968957901 [ 67  84 121]
0.0681924968957901 [ 67  84 121]
0.0681924968957901 [ 67  84 121]
0.0681924968957901 [ 67  84 121]
0.0681924968957901 [ 67  84 121]
0.0681924968957901 [ 67  84 121]
0.0681924968957901 [ 67  84 121]
0.0681924968957901 [ 67  84 121]
0.0681924968957901 [ 67  84 121]
0.0681924968957901 [ 67  84 121]
0.0681924968957901 [ 67  84 121]
0.0681924968957901 [ 67  84 121]
0.0681924968957901 [ 67  84 121]
0.0681924968957901 [ 67  84 121]
0.0681924968957901 [ 67  84 121]
0.0681924968957901 [ 67  84 121]
0.0681924968957901 [ 67  84 121]
0.0681924968957901 [ 67  84 121]
0.0681924968957901 [ 67  84 121]
0.0681924968957901 [ 67  84 121]
0.0681924968957901 [ 67  84 121]
0.062444720417261124 [126 126 128]
0.062444720417261124 [126 126 128]
ACC 0.9325513196480938
