0.19140951335430145
0.19140951335430145
0.16843461990356445
0.15541668236255646
0.15541668236255646
0.15541668236255646
0.15541668236255646
0.15541668236255646
0.15541668236255646
0.15541668236255646
0.15541668236255646
0.15541668236255646
0.15541668236255646
0.15541668236255646
0.15541668236255646
0.15541668236255646
0.15541668236255646
0.15541668236255646
0.15541668236255646
0.15541668236255646
0.15541668236255646
0.15541668236255646
0.15541668236255646
0.15541668236255646
0.15541668236255646
0.15541668236255646
0.15541668236255646
0.15541668236255646
0.15541668236255646
0.15541668236255646
0.15541668236255646
0.15541668236255646
0.15541668236255646
0.15541668236255646
0.15541668236255646
0.15541668236255646
0.15541668236255646
0.14603208005428314
0.14603208005428314
0.14603208005428314
0.8693181818181818
