0.9477580189704895 [98 74 54]
0.9477580189704895 [98 74 54]
0.9477580189704895 [98 74 54]
0.7346524596214294 [ 90  84 128]
0.7346524596214294 [ 90  84 128]
0.7346524596214294 [ 90  84 128]
0.7346524596214294 [ 90  84 128]
0.7346524596214294 [ 90  84 128]
0.7346524596214294 [ 90  84 128]
0.7346524596214294 [ 90  84 128]
0.7346524596214294 [ 90  84 128]
0.5906530022621155 [128  47 118]
0.5906530022621155 [128  47 118]
0.5906530022621155 [128  47 118]
0.5906530022621155 [128  47 118]
0.5906530022621155 [128  47 118]
0.5906530022621155 [128  47 118]
0.5906530022621155 [128  47 118]
0.5906530022621155 [128  47 118]
0.5906530022621155 [128  47 118]
0.5906530022621155 [128  47 118]
0.5906530022621155 [128  47 118]
0.5906530022621155 [128  47 118]
0.5906530022621155 [128  47 118]
0.5906530022621155 [128  47 118]
0.5906530022621155 [128  47 118]
0.5906530022621155 [128  47 118]
0.5906530022621155 [128  47 118]
0.5619872808456421 [109 109  41]
0.5619872808456421 [109 109  41]
0.5619872808456421 [109 109  41]
0.5619872808456421 [109 109  41]
0.5619872808456421 [109 109  41]
0.5619872808456421 [109 109  41]
0.5619872808456421 [109 109  41]
0.5619872808456421 [109 109  41]
0.5619872808456421 [109 109  41]
0.5619872808456421 [109 109  41]
0.5619872808456421 [109 109  41]
0.5619872808456421 [109 109  41]
ACC 0.7655935613682092
