0.2291918694972992 [77 25 13]
0.2291918694972992 [77 25 13]
0.17442110180854797 [ 75 118 101]
0.17442110180854797 [ 75 118 101]
0.17442110180854797 [ 75 118 101]
0.17442110180854797 [ 75 118 101]
0.17442110180854797 [ 75 118 101]
0.17180703580379486 [ 47 101  73]
0.17180703580379486 [ 47 101  73]
0.17180703580379486 [ 47 101  73]
0.17180703580379486 [ 47 101  73]
0.17180703580379486 [ 47 101  73]
0.16481974720954895 [73 67 45]
0.16481974720954895 [73 67 45]
0.15769413113594055 [107 128  75]
0.15769413113594055 [107 128  75]
0.15769413113594055 [107 128  75]
0.15769413113594055 [107 128  75]
0.15769413113594055 [107 128  75]
0.15769413113594055 [107 128  75]
0.15769413113594055 [107 128  75]
0.15320530533790588 [ 67 104 107]
0.15320530533790588 [ 67 104 107]
0.15320530533790588 [ 67 104 107]
0.15320530533790588 [ 67 104 107]
0.15320530533790588 [ 67 104 107]
0.15320530533790588 [ 67 104 107]
0.15320530533790588 [ 67 104 107]
0.15320530533790588 [ 67 104 107]
0.15320530533790588 [ 67 104 107]
0.15320530533790588 [ 67 104 107]
0.15320530533790588 [ 67 104 107]
0.15320530533790588 [ 67 104 107]
0.15320530533790588 [ 67 104 107]
0.15320530533790588 [ 67 104 107]
0.15320530533790588 [ 67 104 107]
0.15320530533790588 [ 67 104 107]
0.15320530533790588 [ 67 104 107]
0.15320530533790588 [ 67 104 107]
0.15320530533790588 [ 67 104 107]
ACC 0.876555023923445
