0.1346159279346466 [102 127 102]
0.1346159279346466 [102 127 102]
0.1346159279346466 [102 127 102]
0.1346159279346466 [102 127 102]
0.1346159279346466 [102 127 102]
0.1346159279346466 [102 127 102]
0.1346159279346466 [102 127 102]
0.1346159279346466 [102 127 102]
0.1346159279346466 [102 127 102]
0.1346159279346466 [102 127 102]
0.1346159279346466 [102 127 102]
0.1346159279346466 [102 127 102]
0.1346159279346466 [102 127 102]
0.1346159279346466 [102 127 102]
0.1346159279346466 [102 127 102]
0.1346159279346466 [102 127 102]
0.1346159279346466 [102 127 102]
0.1346159279346466 [102 127 102]
0.1346159279346466 [102 127 102]
0.1346159279346466 [102 127 102]
0.1346159279346466 [102 127 102]
0.1346159279346466 [102 127 102]
0.1346159279346466 [102 127 102]
0.1346159279346466 [102 127 102]
0.1346159279346466 [102 127 102]
0.1346159279346466 [102 127 102]
0.1346159279346466 [102 127 102]
0.1346159279346466 [102 127 102]
0.1346159279346466 [102 127 102]
0.1346159279346466 [102 127 102]
0.1346159279346466 [102 127 102]
0.1346159279346466 [102 127 102]
0.1346159279346466 [102 127 102]
0.1346159279346466 [102 127 102]
0.1346159279346466 [102 127 102]
0.1346159279346466 [102 127 102]
0.1346159279346466 [102 127 102]
0.1346159279346466 [102 127 102]
0.1346159279346466 [102 127 102]
0.1346159279346466 [102 127 102]
ACC 0.8875855327468231
