0.641276478767395 [ 88  88 109]
0.641276478767395 [ 88  88 109]
0.641276478767395 [ 88  88 109]
0.641276478767395 [ 88  88 109]
0.641276478767395 [ 88  88 109]
0.641276478767395 [ 88  88 109]
0.641276478767395 [ 88  88 109]
0.641276478767395 [ 88  88 109]
0.641276478767395 [ 88  88 109]
0.641276478767395 [ 88  88 109]
0.641276478767395 [ 88  88 109]
0.641276478767395 [ 88  88 109]
0.641276478767395 [ 88  88 109]
0.641276478767395 [ 88  88 109]
0.641276478767395 [ 88  88 109]
0.641276478767395 [ 88  88 109]
0.641276478767395 [ 88  88 109]
0.641276478767395 [ 88  88 109]
0.641276478767395 [ 88  88 109]
0.641276478767395 [ 88  88 109]
0.641276478767395 [ 88  88 109]
0.641276478767395 [ 88  88 109]
0.641276478767395 [ 88  88 109]
0.641276478767395 [ 88  88 109]
0.641276478767395 [ 88  88 109]
0.641276478767395 [ 88  88 109]
0.641276478767395 [ 88  88 109]
0.641276478767395 [ 88  88 109]
0.641276478767395 [ 88  88 109]
0.5944380164146423 [95 74 79]
0.5944380164146423 [95 74 79]
0.5944380164146423 [95 74 79]
0.5944380164146423 [95 74 79]
0.5944380164146423 [95 74 79]
0.5944380164146423 [95 74 79]
0.5944380164146423 [95 74 79]
0.5944380164146423 [95 74 79]
0.5944380164146423 [95 74 79]
0.5944380164146423 [95 74 79]
0.5944380164146423 [95 74 79]
ACC 0.7826961770623743
