1.0136339664459229
1.0136339664459229
0.919776439666748
0.919776439666748
0.919776439666748
0.919776439666748
0.919776439666748
0.7417818903923035
0.7417818903923035
0.7417818903923035
0.7417818903923035
0.7417818903923035
0.7417818903923035
0.7417818903923035
0.7417818903923035
0.7417818903923035
0.6233070492744446
0.6233070492744446
0.6233070492744446
0.6233070492744446
0.6233070492744446
0.6233070492744446
0.6233070492744446
0.6233070492744446
0.6233070492744446
0.6233070492744446
0.6233070492744446
0.6233070492744446
0.6233070492744446
0.6233070492744446
0.6233070492744446
0.6233070492744446
0.6233070492744446
0.6233070492744446
0.6233070492744446
0.6233070492744446
0.6233070492744446
0.6233070492744446
0.6233070492744446
0.6233070492744446
0.7618586640851888
