0.23998096585273743 [109 124  90]
0.23998096585273743 [109 124  90]
0.2243003249168396 [ 72  76 103]
0.21321339905261993 [ 80  81 103]
0.21321339905261993 [ 80  81 103]
0.18462727963924408 [ 91 127  66]
0.18462727963924408 [ 91 127  66]
0.18462727963924408 [ 91 127  66]
0.18462727963924408 [ 91 127  66]
0.18462727963924408 [ 91 127  66]
0.18462727963924408 [ 91 127  66]
0.18462727963924408 [ 91 127  66]
0.18462727963924408 [ 91 127  66]
0.1777467429637909 [108 122 103]
0.1777467429637909 [108 122 103]
0.1777467429637909 [108 122 103]
0.1777467429637909 [108 122 103]
0.1777467429637909 [108 122 103]
0.1777467429637909 [108 122 103]
0.1777467429637909 [108 122 103]
0.1777467429637909 [108 122 103]
0.1777467429637909 [108 122 103]
0.1777467429637909 [108 122 103]
0.1777467429637909 [108 122 103]
0.1777467429637909 [108 122 103]
0.1777467429637909 [108 122 103]
0.1777467429637909 [108 122 103]
0.1777467429637909 [108 122 103]
0.1777467429637909 [108 122 103]
0.1777467429637909 [108 122 103]
0.1777467429637909 [108 122 103]
0.1777467429637909 [108 122 103]
0.1777467429637909 [108 122 103]
0.1777467429637909 [108 122 103]
0.1777467429637909 [108 122 103]
0.1777467429637909 [108 122 103]
0.1777467429637909 [108 122 103]
0.1777467429637909 [108 122 103]
0.1777467429637909 [108 122 103]
0.1777467429637909 [108 122 103]
ACC 0.8753462603878116
