0.2897160053253174
0.24064676463603973
0.24064676463603973
0.24064676463603973
0.24064676463603973
0.24064676463603973
0.24064676463603973
0.24064676463603973
0.23210132122039795
0.23210132122039795
0.23210132122039795
0.23210132122039795
0.23210132122039795
0.23210132122039795
0.23210132122039795
0.20813676714897156
0.20813676714897156
0.20813676714897156
0.20813676714897156
0.20813676714897156
0.20813676714897156
0.20813676714897156
0.20813676714897156
0.20813676714897156
0.20813676714897156
0.20813676714897156
0.20813676714897156
0.20813676714897156
0.20813676714897156
0.20813676714897156
0.20813676714897156
0.20813676714897156
0.20813676714897156
0.20813676714897156
0.20813676714897156
0.20813676714897156
0.20813676714897156
0.20813676714897156
0.20813676714897156
0.20813676714897156
0.8430583501006036
