0.2716648280620575 [ 33 105 122]
0.2716648280620575 [ 33 105 122]
0.2716648280620575 [ 33 105 122]
0.2443719208240509 [ 42 128  87]
0.2443719208240509 [ 42 128  87]
0.2443719208240509 [ 42 128  87]
0.2443719208240509 [ 42 128  87]
0.2443719208240509 [ 42 128  87]
0.2443719208240509 [ 42 128  87]
0.2443719208240509 [ 42 128  87]
0.24158883094787598 [ 67 128  58]
0.24158883094787598 [ 67 128  58]
0.24158883094787598 [ 67 128  58]
0.24158883094787598 [ 67 128  58]
0.22677792608737946 [112  98 105]
0.22288858890533447 [100 128  74]
0.22288858890533447 [100 128  74]
0.22288858890533447 [100 128  74]
0.22288858890533447 [100 128  74]
0.22288858890533447 [100 128  74]
0.22288858890533447 [100 128  74]
0.22288858890533447 [100 128  74]
0.2206796258687973 [ 73 111 128]
0.21645110845565796 [ 52 128 109]
0.21645110845565796 [ 52 128 109]
0.21645110845565796 [ 52 128 109]
0.21645110845565796 [ 52 128 109]
0.21645110845565796 [ 52 128 109]
0.21645110845565796 [ 52 128 109]
0.20684845745563507 [ 51 120 128]
0.20684845745563507 [ 51 120 128]
0.20684845745563507 [ 51 120 128]
0.20684845745563507 [ 51 120 128]
0.20684845745563507 [ 51 120 128]
0.20684845745563507 [ 51 120 128]
0.20684845745563507 [ 51 120 128]
0.20684845745563507 [ 51 120 128]
0.20684845745563507 [ 51 120 128]
0.20684845745563507 [ 51 120 128]
0.20684845745563507 [ 51 120 128]
ACC 0.8561368209255533
