0.3294212818145752
0.32859325408935547
0.32708993554115295
0.3109434247016907
0.2862723767757416
0.2862723767757416
0.2802567481994629
0.273578405380249
0.26546722650527954
0.26546722650527954
0.26546722650527954
0.26546722650527954
0.26546722650527954
0.26546722650527954
0.24525530636310577
0.24525530636310577
0.24525530636310577
0.24525530636310577
0.24525530636310577
0.23683254420757294
0.23683254420757294
0.23683254420757294
0.23683254420757294
0.23683254420757294
0.23683254420757294
0.23683254420757294
0.23683254420757294
0.23683254420757294
0.23683254420757294
0.23683254420757294
0.23683254420757294
0.23683254420757294
0.23683254420757294
0.23683254420757294
0.23683254420757294
0.23683254420757294
0.23683254420757294
0.23683254420757294
0.23683254420757294
0.23683254420757294
0.8530571992110454
