0.19478917121887207 [ 64  25 109]
0.18580186367034912 [ 22  91 105]
0.18580186367034912 [ 22  91 105]
0.17629007995128632 [43 70 70]
0.17629007995128632 [43 70 70]
0.17629007995128632 [43 70 70]
0.16010676324367523 [40 91 93]
0.14289791882038116 [ 72 122  56]
0.14289791882038116 [ 72 122  56]
0.14289791882038116 [ 72 122  56]
0.14289791882038116 [ 72 122  56]
0.14289791882038116 [ 72 122  56]
0.14269234240055084 [ 43  78 112]
0.14269234240055084 [ 43  78 112]
0.14269234240055084 [ 43  78 112]
0.14269234240055084 [ 43  78 112]
0.14269234240055084 [ 43  78 112]
0.14269234240055084 [ 43  78 112]
0.10200395435094833 [ 66 128 128]
0.10200395435094833 [ 66 128 128]
0.10200395435094833 [ 66 128 128]
0.10200395435094833 [ 66 128 128]
0.10200395435094833 [ 66 128 128]
0.10200395435094833 [ 66 128 128]
0.10200395435094833 [ 66 128 128]
0.10200395435094833 [ 66 128 128]
0.10200395435094833 [ 66 128 128]
0.10200395435094833 [ 66 128 128]
0.10200395435094833 [ 66 128 128]
0.10200395435094833 [ 66 128 128]
0.10200395435094833 [ 66 128 128]
0.10200395435094833 [ 66 128 128]
0.10200395435094833 [ 66 128 128]
0.10200395435094833 [ 66 128 128]
0.10200395435094833 [ 66 128 128]
0.10200395435094833 [ 66 128 128]
0.10200395435094833 [ 66 128 128]
0.10200395435094833 [ 66 128 128]
0.10200395435094833 [ 66 128 128]
0.10200395435094833 [ 66 128 128]
ACC 0.89058039961941
