0.25051960349082947 [ 97 104 101]
0.25051960349082947 [ 97 104 101]
0.25051960349082947 [ 97 104 101]
0.25051960349082947 [ 97 104 101]
0.25051960349082947 [ 97 104 101]
0.25051960349082947 [ 97 104 101]
0.25051960349082947 [ 97 104 101]
0.25051960349082947 [ 97 104 101]
0.25051960349082947 [ 97 104 101]
0.25051960349082947 [ 97 104 101]
0.25051960349082947 [ 97 104 101]
0.25051960349082947 [ 97 104 101]
0.25051960349082947 [ 97 104 101]
0.25051960349082947 [ 97 104 101]
0.25051960349082947 [ 97 104 101]
0.25051960349082947 [ 97 104 101]
0.25051960349082947 [ 97 104 101]
0.25051960349082947 [ 97 104 101]
0.25051960349082947 [ 97 104 101]
0.25051960349082947 [ 97 104 101]
0.25051960349082947 [ 97 104 101]
0.25051960349082947 [ 97 104 101]
0.25051960349082947 [ 97 104 101]
0.25051960349082947 [ 97 104 101]
0.2405228465795517 [40 82 94]
0.2405228465795517 [40 82 94]
0.2405228465795517 [40 82 94]
0.2405228465795517 [40 82 94]
0.2405228465795517 [40 82 94]
0.2405228465795517 [40 82 94]
0.2405228465795517 [40 82 94]
0.2405228465795517 [40 82 94]
0.2405228465795517 [40 82 94]
0.2405228465795517 [40 82 94]
0.2405228465795517 [40 82 94]
0.2405228465795517 [40 82 94]
0.2405228465795517 [40 82 94]
0.2405228465795517 [40 82 94]
0.2405228465795517 [40 82 94]
0.2405228465795517 [40 82 94]
ACC 0.851104707012488
