0.17775283753871918
0.17775283753871918
0.17775283753871918
0.17775283753871918
0.1457158774137497
0.1457158774137497
0.1457158774137497
0.1457158774137497
0.1457158774137497
0.1457158774137497
0.1457158774137497
0.1457158774137497
0.1457158774137497
0.1457158774137497
0.1457158774137497
0.1457158774137497
0.1457158774137497
0.1457158774137497
0.1457158774137497
0.1457158774137497
0.1457158774137497
0.1457158774137497
0.1457158774137497
0.1457158774137497
0.1457158774137497
0.1457158774137497
0.1457158774137497
0.1457158774137497
0.1457158774137497
0.1457158774137497
0.1457158774137497
0.1457158774137497
0.1457158774137497
0.1457158774137497
0.1457158774137497
0.1457158774137497
0.1457158774137497
0.1457158774137497
0.1457158774137497
0.1457158774137497
0.858148893360161
