0.9528303146362305
0.9528303146362305
0.9528303146362305
0.7309170961380005
0.7292510271072388
0.7292510271072388
0.7292510271072388
0.7292510271072388
0.7292510271072388
0.7292510271072388
0.7292510271072388
0.7292510271072388
0.7292510271072388
0.7292510271072388
0.7292510271072388
0.7292510271072388
0.7292510271072388
0.7292510271072388
0.7292510271072388
0.7292510271072388
0.7292510271072388
0.7292510271072388
0.7292510271072388
0.7292510271072388
0.7292510271072388
0.7292510271072388
0.7292510271072388
0.7292510271072388
0.7292510271072388
0.7292510271072388
0.7292510271072388
0.7292510271072388
0.7292510271072388
0.7292510271072388
0.7292510271072388
0.7292510271072388
0.7292510271072388
0.7292510271072388
0.7292510271072388
0.7292510271072388
0.7454370797310279
