0.9416415691375732
0.9416415691375732
0.9416415691375732
0.8058388829231262
0.6680022478103638
0.6680022478103638
0.6680022478103638
0.6680022478103638
0.6680022478103638
0.6680022478103638
0.6680022478103638
0.6680022478103638
0.6680022478103638
0.6680022478103638
0.6680022478103638
0.6680022478103638
0.6680022478103638
0.6680022478103638
0.6680022478103638
0.6680022478103638
0.6680022478103638
0.6680022478103638
0.6680022478103638
0.6680022478103638
0.6680022478103638
0.6680022478103638
0.6680022478103638
0.6680022478103638
0.6680022478103638
0.6680022478103638
0.6680022478103638
0.6680022478103638
0.6680022478103638
0.6680022478103638
0.6680022478103638
0.6680022478103638
0.6680022478103638
0.6680022478103638
0.6680022478103638
0.6680022478103638
0.7444976076555024
