0.1166379302740097
0.1159869134426117
0.1159869134426117
0.1159869134426117
0.10981032252311707
0.10981032252311707
0.10981032252311707
0.10735401511192322
0.10735401511192322
0.10735401511192322
0.10735401511192322
0.09619349986314774
0.09619349986314774
0.09619349986314774
0.09619349986314774
0.09619349986314774
0.09619349986314774
0.09619349986314774
0.09619349986314774
0.09619349986314774
0.09619349986314774
0.09619349986314774
0.09619349986314774
0.09619349986314774
0.09619349986314774
0.09619349986314774
0.09619349986314774
0.09619349986314774
0.09619349986314774
0.09619349986314774
0.09569243341684341
0.09569243341684341
0.0953214019536972
0.0953214019536972
0.0953214019536972
0.0953214019536972
0.0953214019536972
0.0953214019536972
0.0953214019536972
0.0953214019536972
0.9112595419847328
