1.0214444398880005
0.943365752696991
0.7865755558013916
0.7865755558013916
0.7865755558013916
0.7865755558013916
0.6666722297668457
0.6666722297668457
0.6666722297668457
0.6666722297668457
0.6666722297668457
0.6666722297668457
0.6666722297668457
0.6666722297668457
0.6223522424697876
0.592214822769165
0.592214822769165
0.592214822769165
0.592214822769165
0.592214822769165
0.592214822769165
0.592214822769165
0.592214822769165
0.592214822769165
0.592214822769165
0.592214822769165
0.592214822769165
0.592214822769165
0.592214822769165
0.592214822769165
0.592214822769165
0.592214822769165
0.592214822769165
0.592214822769165
0.592214822769165
0.592214822769165
0.592214822769165
0.592214822769165
0.592214822769165
0.592214822769165
0.7509541984732825
