1.0354236364364624
0.9190764427185059
0.9190764427185059
0.7863582372665405
0.7863582372665405
0.7863582372665405
0.7863582372665405
0.7097671031951904
0.7097671031951904
0.6571091413497925
0.6571091413497925
0.6344711780548096
0.6344711780548096
0.6344711780548096
0.6344711780548096
0.6344711780548096
0.6344711780548096
0.6344711780548096
0.6344711780548096
0.6344711780548096
0.6344711780548096
0.6344711780548096
0.6344711780548096
0.6344711780548096
0.6344711780548096
0.6344711780548096
0.6344711780548096
0.6344711780548096
0.6344711780548096
0.6344711780548096
0.6344711780548096
0.6344711780548096
0.6344711780548096
0.6344711780548096
0.6344711780548096
0.6344711780548096
0.5685256719589233
0.5685256719589233
0.5685256719589233
0.5685256719589233
0.7977867203219315
