0.21691074967384338
0.21691074967384338
0.21691074967384338
0.21691074967384338
0.21691074967384338
0.21691074967384338
0.21691074967384338
0.21691074967384338
0.21691074967384338
0.21691074967384338
0.21691074967384338
0.21691074967384338
0.21691074967384338
0.21691074967384338
0.21691074967384338
0.21691074967384338
0.21691074967384338
0.21691074967384338
0.21691074967384338
0.21691074967384338
0.21691074967384338
0.21691074967384338
0.21691074967384338
0.21691074967384338
0.21691074967384338
0.21691074967384338
0.21691074967384338
0.21691074967384338
0.21691074967384338
0.21691074967384338
0.21691074967384338
0.21691074967384338
0.21691074967384338
0.21691074967384338
0.21691074967384338
0.21691074967384338
0.21691074967384338
0.21691074967384338
0.21691074967384338
0.21691074967384338
0.851123595505618
