0.2356683313846588
0.2356683313846588
0.2356683313846588
0.2356683313846588
0.2356683313846588
0.21256974339485168
0.21256974339485168
0.212500661611557
0.212500661611557
0.212500661611557
0.16498075425624847
0.16498075425624847
0.16498075425624847
0.16498075425624847
0.16498075425624847
0.16498075425624847
0.16498075425624847
0.16498075425624847
0.16498075425624847
0.16498075425624847
0.16498075425624847
0.16498075425624847
0.16498075425624847
0.16498075425624847
0.16498075425624847
0.16498075425624847
0.16498075425624847
0.16498075425624847
0.16498075425624847
0.16498075425624847
0.16498075425624847
0.16498075425624847
0.16498075425624847
0.16498075425624847
0.16498075425624847
0.16498075425624847
0.16498075425624847
0.16498075425624847
0.16498075425624847
0.16498075425624847
0.8610846812559467
