0.20751963555812836
0.1844710409641266
0.1844710409641266
0.1844710409641266
0.1844710409641266
0.1844710409641266
0.1844710409641266
0.17799532413482666
0.16813088953495026
0.16813088953495026
0.16813088953495026
0.16813088953495026
0.16813088953495026
0.15731418132781982
0.15731418132781982
0.15731418132781982
0.15731418132781982
0.15731418132781982
0.15731418132781982
0.15731418132781982
0.15731418132781982
0.15731418132781982
0.15731418132781982
0.15731418132781982
0.15731418132781982
0.15731418132781982
0.15731418132781982
0.15731418132781982
0.15731418132781982
0.15731418132781982
0.15731418132781982
0.15731418132781982
0.15731418132781982
0.15731418132781982
0.15731418132781982
0.15731418132781982
0.15731418132781982
0.15731418132781982
0.14517518877983093
0.14517518877983093
0.8559077809798271
