0.9239959120750427
0.9239959120750427
0.8349985480308533
0.8349985480308533
0.8349985480308533
0.8349985480308533
0.631405770778656
0.631405770778656
0.631405770778656
0.631405770778656
0.631405770778656
0.631405770778656
0.631405770778656
0.631405770778656
0.631405770778656
0.631405770778656
0.631405770778656
0.631405770778656
0.631405770778656
0.631405770778656
0.631405770778656
0.631405770778656
0.631405770778656
0.631405770778656
0.631405770778656
0.631405770778656
0.631405770778656
0.631405770778656
0.631405770778656
0.631405770778656
0.631405770778656
0.631405770778656
0.631405770778656
0.631405770778656
0.631405770778656
0.631405770778656
0.631405770778656
0.631405770778656
0.631405770778656
0.631405770778656
0.7540826128722382
