0.18298104405403137
0.18298104405403137
0.17141498625278473
0.17141498625278473
0.17141498625278473
0.17141498625278473
0.17141498625278473
0.17141498625278473
0.17141498625278473
0.17141498625278473
0.17141498625278473
0.17141498625278473
0.17141498625278473
0.17141498625278473
0.17141498625278473
0.17141498625278473
0.17141498625278473
0.17141498625278473
0.17141498625278473
0.14465045928955078
0.14465045928955078
0.14465045928955078
0.14465045928955078
0.14465045928955078
0.14465045928955078
0.12627921998500824
0.12627921998500824
0.12627921998500824
0.12627921998500824
0.12627921998500824
0.12627921998500824
0.12627921998500824
0.12627921998500824
0.12627921998500824
0.12627921998500824
0.12627921998500824
0.12627921998500824
0.12627921998500824
0.12627921998500824
0.12627921998500824
0.8719452590420332
