0.14039668440818787 [ 59 127  92]
0.13952921330928802 [ 49 104  97]
0.13952921330928802 [ 49 104  97]
0.13952921330928802 [ 49 104  97]
0.13952921330928802 [ 49 104  97]
0.1382383406162262 [ 61 128 109]
0.1382383406162262 [ 61 128 109]
0.1382383406162262 [ 61 128 109]
0.1382383406162262 [ 61 128 109]
0.1382383406162262 [ 61 128 109]
0.1382383406162262 [ 61 128 109]
0.1382383406162262 [ 61 128 109]
0.1382383406162262 [ 61 128 109]
0.1382383406162262 [ 61 128 109]
0.1382383406162262 [ 61 128 109]
0.1382383406162262 [ 61 128 109]
0.1382383406162262 [ 61 128 109]
0.1382383406162262 [ 61 128 109]
0.1382383406162262 [ 61 128 109]
0.1382383406162262 [ 61 128 109]
0.1382383406162262 [ 61 128 109]
0.1382383406162262 [ 61 128 109]
0.1382383406162262 [ 61 128 109]
0.1382383406162262 [ 61 128 109]
0.1382383406162262 [ 61 128 109]
0.1382383406162262 [ 61 128 109]
0.1382383406162262 [ 61 128 109]
0.1382383406162262 [ 61 128 109]
0.1382383406162262 [ 61 128 109]
0.1382383406162262 [ 61 128 109]
0.1382383406162262 [ 61 128 109]
0.1382383406162262 [ 61 128 109]
0.1382383406162262 [ 61 128 109]
0.1382383406162262 [ 61 128 109]
0.13381730020046234 [101  50  75]
0.13381730020046234 [101  50  75]
0.13381730020046234 [101  50  75]
0.13381730020046234 [101  50  75]
0.13381730020046234 [101  50  75]
0.13381730020046234 [101  50  75]
ACC 0.8717703349282296
