0.2043713629245758
0.2043713629245758
0.1488277167081833
0.1488277167081833
0.1488277167081833
0.1488277167081833
0.1488277167081833
0.1488277167081833
0.1488277167081833
0.1488277167081833
0.1488277167081833
0.1488277167081833
0.1488277167081833
0.1488277167081833
0.1488277167081833
0.1488277167081833
0.1488277167081833
0.1427624374628067
0.1427624374628067
0.1427624374628067
0.1427624374628067
0.1427624374628067
0.1427624374628067
0.1427624374628067
0.1427624374628067
0.13880795240402222
0.13880795240402222
0.11911970376968384
0.11911970376968384
0.11835519224405289
0.11835519224405289
0.11835519224405289
0.11835519224405289
0.11835519224405289
0.11835519224405289
0.10558246076107025
0.10558246076107025
0.10558246076107025
0.10558246076107025
0.10558246076107025
0.8991436726926736
