0.13479429483413696
0.13479429483413696
0.13479429483413696
0.13479429483413696
0.13479429483413696
0.13479429483413696
0.13479429483413696
0.13479429483413696
0.13479429483413696
0.13479429483413696
0.13479429483413696
0.13479429483413696
0.13479429483413696
0.13479429483413696
0.13479429483413696
0.13479429483413696
0.13479429483413696
0.13479429483413696
0.13296356797218323
0.13296356797218323
0.13296356797218323
0.13296356797218323
0.13296356797218323
0.13296356797218323
0.13296356797218323
0.13296356797218323
0.13296356797218323
0.13296356797218323
0.13296356797218323
0.13296356797218323
0.13296356797218323
0.13296356797218323
0.13296356797218323
0.13296356797218323
0.13296356797218323
0.13296356797218323
0.13296356797218323
0.13296356797218323
0.13296356797218323
0.13296356797218323
0.8390342052313883
