0.219463050365448 [ 48 117  66]
0.219463050365448 [ 48 117  66]
0.219463050365448 [ 48 117  66]
0.219463050365448 [ 48 117  66]
0.219463050365448 [ 48 117  66]
0.219463050365448 [ 48 117  66]
0.219463050365448 [ 48 117  66]
0.20483016967773438 [ 50 105 126]
0.20483016967773438 [ 50 105 126]
0.20483016967773438 [ 50 105 126]
0.20483016967773438 [ 50 105 126]
0.20483016967773438 [ 50 105 126]
0.20483016967773438 [ 50 105 126]
0.17767927050590515 [ 50 105 126]
0.17767927050590515 [ 50 105 126]
0.17767927050590515 [ 50 105 126]
0.17767927050590515 [ 50 105 126]
0.17767927050590515 [ 50 105 126]
0.17767927050590515 [ 50 105 126]
0.17767927050590515 [ 50 105 126]
0.17767927050590515 [ 50 105 126]
0.17767927050590515 [ 50 105 126]
0.17767927050590515 [ 50 105 126]
0.17767927050590515 [ 50 105 126]
0.17767927050590515 [ 50 105 126]
0.17767927050590515 [ 50 105 126]
0.17767927050590515 [ 50 105 126]
0.17767927050590515 [ 50 105 126]
0.17767927050590515 [ 50 105 126]
0.17767927050590515 [ 50 105 126]
0.17767927050590515 [ 50 105 126]
0.17767927050590515 [ 50 105 126]
0.17767927050590515 [ 50 105 126]
0.17767927050590515 [ 50 105 126]
0.17767927050590515 [ 50 105 126]
0.17767927050590515 [ 50 105 126]
0.17767927050590515 [ 50 105 126]
0.17767927050590515 [ 50 105 126]
0.17767927050590515 [ 50 105 126]
0.17767927050590515 [ 50 105 126]
ACC 0.8691943127962085
