0.2679545283317566 [ 43 117  81]
0.2312433272600174 [105 128  23]
0.2312433272600174 [105 128  23]
0.22945566475391388 [57 52 94]
0.22945566475391388 [57 52 94]
0.22945566475391388 [57 52 94]
0.22945566475391388 [57 52 94]
0.22945566475391388 [57 52 94]
0.22945566475391388 [57 52 94]
0.22945566475391388 [57 52 94]
0.22945566475391388 [57 52 94]
0.21848179399967194 [ 46 128  82]
0.21848179399967194 [ 46 128  82]
0.21848179399967194 [ 46 128  82]
0.21848179399967194 [ 46 128  82]
0.21848179399967194 [ 46 128  82]
0.21848179399967194 [ 46 128  82]
0.21848179399967194 [ 46 128  82]
0.21848179399967194 [ 46 128  82]
0.21848179399967194 [ 46 128  82]
0.21707823872566223 [40 96 87]
0.21707823872566223 [40 96 87]
0.21707823872566223 [40 96 87]
0.21180734038352966 [ 38 121  97]
0.21180734038352966 [ 38 121  97]
0.19450117647647858 [ 66 128  83]
0.19450117647647858 [ 66 128  83]
0.19450117647647858 [ 66 128  83]
0.19199581444263458 [ 66 128 128]
0.19199581444263458 [ 66 128 128]
0.18136665225028992 [ 50 128 128]
0.18136665225028992 [ 50 128 128]
0.18136665225028992 [ 50 128 128]
0.18136665225028992 [ 50 128 128]
0.18136665225028992 [ 50 128 128]
0.18136665225028992 [ 50 128 128]
0.18136665225028992 [ 50 128 128]
0.18136665225028992 [ 50 128 128]
0.18136665225028992 [ 50 128 128]
0.18136665225028992 [ 50 128 128]
ACC 0.8480154888673765
