0.19483518600463867
0.19153612852096558
0.19153612852096558
0.1680649220943451
0.1548171043395996
0.1548171043395996
0.1548171043395996
0.1544797420501709
0.1544797420501709
0.1544797420501709
0.1544797420501709
0.1544797420501709
0.1544797420501709
0.1544797420501709
0.1544797420501709
0.1348382979631424
0.1348382979631424
0.1348382979631424
0.1348382979631424
0.1348382979631424
0.1348382979631424
0.1348382979631424
0.1348382979631424
0.1348382979631424
0.1348382979631424
0.1348382979631424
0.1348382979631424
0.1348382979631424
0.1348382979631424
0.1348382979631424
0.1348382979631424
0.1348382979631424
0.1348382979631424
0.1348382979631424
0.1348382979631424
0.1348382979631424
0.1348382979631424
0.1348382979631424
0.1348382979631424
0.1348382979631424
0.8772635814889336
