0.15143723785877228
0.15143723785877228
0.15143723785877228
0.15143723785877228
0.15143723785877228
0.15143723785877228
0.15143723785877228
0.15143723785877228
0.15143723785877228
0.15143723785877228
0.15143723785877228
0.15143723785877228
0.15143723785877228
0.15143723785877228
0.15143723785877228
0.15143723785877228
0.15143723785877228
0.15143723785877228
0.15143723785877228
0.15143723785877228
0.15143723785877228
0.15143723785877228
0.15143723785877228
0.1509823501110077
0.1509823501110077
0.1509823501110077
0.1509823501110077
0.1509823501110077
0.1509823501110077
0.1509823501110077
0.1509823501110077
0.1509823501110077
0.1509823501110077
0.1509823501110077
0.1509823501110077
0.1509823501110077
0.1509823501110077
0.1509823501110077
0.1509823501110077
0.1509823501110077
0.8480885311871227
