0.821640133857727
0.821640133857727
0.7672739624977112
0.7672739624977112
0.7672739624977112
0.7672739624977112
0.7672739624977112
0.7672739624977112
0.7672739624977112
0.7672739624977112
0.7672739624977112
0.7672739624977112
0.7672739624977112
0.7672739624977112
0.7672739624977112
0.7672739624977112
0.7672739624977112
0.7672739624977112
0.7672739624977112
0.7672739624977112
0.7672739624977112
0.7672739624977112
0.7672739624977112
0.7672739624977112
0.7672739624977112
0.7672739624977112
0.7672739624977112
0.7672739624977112
0.7672739624977112
0.7672739624977112
0.7672739624977112
0.7672739624977112
0.7672739624977112
0.7672739624977112
0.7672739624977112
0.7672739624977112
0.7672739624977112
0.7672739624977112
0.7672739624977112
0.7672739624977112
0.722488038277512
