0.2347443848848343
0.2347443848848343
0.2237451672554016
0.2237451672554016
0.22055579721927643
0.22055579721927643
0.22055579721927643
0.22055579721927643
0.22055579721927643
0.19977840781211853
0.19977840781211853
0.19909177720546722
0.18531812727451324
0.18531812727451324
0.18531812727451324
0.18531812727451324
0.18467473983764648
0.18467473983764648
0.18467473983764648
0.18467473983764648
0.18467473983764648
0.18467473983764648
0.18467473983764648
0.18467473983764648
0.18467473983764648
0.18467473983764648
0.18467473983764648
0.18467473983764648
0.17376966774463654
0.17376966774463654
0.16727374494075775
0.16727374494075775
0.16727374494075775
0.16727374494075775
0.16727374494075775
0.16727374494075775
0.16727374494075775
0.16727374494075775
0.16727374494075775
0.16645202040672302
0.8816287878787878
