0.20184770226478577
0.20184770226478577
0.20184770226478577
0.20184770226478577
0.19604134559631348
0.19604134559631348
0.19604134559631348
0.19604134559631348
0.19604134559631348
0.19604134559631348
0.19604134559631348
0.19604134559631348
0.19604134559631348
0.19604134559631348
0.19604134559631348
0.19604134559631348
0.19604134559631348
0.19604134559631348
0.19604134559631348
0.19604134559631348
0.19604134559631348
0.19604134559631348
0.19604134559631348
0.19604134559631348
0.19604134559631348
0.19604134559631348
0.19604134559631348
0.19604134559631348
0.19604134559631348
0.19604134559631348
0.19604134559631348
0.19604134559631348
0.19604134559631348
0.19604134559631348
0.19604134559631348
0.19604134559631348
0.19604134559631348
0.19604134559631348
0.19604134559631348
0.19604134559631348
0.8489835430784124
