0.14596356451511383
0.11387024819850922
0.11387024819850922
0.11387024819850922
0.11387024819850922
0.11387024819850922
0.11387024819850922
0.11387024819850922
0.11387024819850922
0.11387024819850922
0.11387024819850922
0.11387024819850922
0.11387024819850922
0.11387024819850922
0.11387024819850922
0.11387024819850922
0.11387024819850922
0.11387024819850922
0.11387024819850922
0.11387024819850922
0.11387024819850922
0.11345070600509644
0.11345070600509644
0.11345070600509644
0.11345070600509644
0.11345070600509644
0.11345070600509644
0.08222226798534393
0.08222226798534393
0.08222226798534393
0.08222226798534393
0.08222226798534393
0.08222226798534393
0.08222226798534393
0.08222226798534393
0.08222226798534393
0.08222226798534393
0.08222226798534393
0.08222226798534393
0.08222226798534393
0.8973862536302033
