1.0263550281524658 [117  91  66]
0.7788205146789551 [128 128  54]
0.7788205146789551 [128 128  54]
0.7788205146789551 [128 128  54]
0.7788205146789551 [128 128  54]
0.7370843291282654 [128 116  41]
0.7370843291282654 [128 116  41]
0.7370843291282654 [128 116  41]
0.7370843291282654 [128 116  41]
0.6100829243659973 [ 41 128 128]
0.6100829243659973 [ 41 128 128]
0.6100829243659973 [ 41 128 128]
0.6100829243659973 [ 41 128 128]
0.6100829243659973 [ 41 128 128]
0.6100829243659973 [ 41 128 128]
0.6100829243659973 [ 41 128 128]
0.6100829243659973 [ 41 128 128]
0.6100829243659973 [ 41 128 128]
0.6100829243659973 [ 41 128 128]
0.6100829243659973 [ 41 128 128]
0.6100829243659973 [ 41 128 128]
0.6100829243659973 [ 41 128 128]
0.6100829243659973 [ 41 128 128]
0.6100829243659973 [ 41 128 128]
0.5647585988044739 [127 127 125]
0.5647585988044739 [127 127 125]
0.5647585988044739 [127 127 125]
0.5647585988044739 [127 127 125]
0.5647585988044739 [127 127 125]
0.5647585988044739 [127 127 125]
0.5647585988044739 [127 127 125]
0.5647585988044739 [127 127 125]
0.5647585988044739 [127 127 125]
0.5647585988044739 [127 127 125]
0.5647585988044739 [127 127 125]
0.5647585988044739 [127 127 125]
0.5647585988044739 [127 127 125]
0.5647585988044739 [127 127 125]
0.5647585988044739 [127 127 125]
0.5647585988044739 [127 127 125]
ACC 0.7869822485207101
