0.9713213443756104 [83 81 88]
0.9713213443756104 [83 81 88]
0.7755872011184692 [121  96  71]
0.7755872011184692 [121  96  71]
0.7755872011184692 [121  96  71]
0.7755872011184692 [121  96  71]
0.7503644227981567 [57 93 70]
0.7503644227981567 [57 93 70]
0.7503644227981567 [57 93 70]
0.7503644227981567 [57 93 70]
0.7503644227981567 [57 93 70]
0.7503644227981567 [57 93 70]
0.7503644227981567 [57 93 70]
0.7503644227981567 [57 93 70]
0.7503644227981567 [57 93 70]
0.7503644227981567 [57 93 70]
0.7503644227981567 [57 93 70]
0.6797093152999878 [74 80 71]
0.6797093152999878 [74 80 71]
0.6797093152999878 [74 80 71]
0.6797093152999878 [74 80 71]
0.6797093152999878 [74 80 71]
0.6797093152999878 [74 80 71]
0.6797093152999878 [74 80 71]
0.6797093152999878 [74 80 71]
0.6797093152999878 [74 80 71]
0.6797093152999878 [74 80 71]
0.6068077683448792 [ 89 104  41]
0.6068077683448792 [ 89 104  41]
0.6068077683448792 [ 89 104  41]
0.6068077683448792 [ 89 104  41]
0.6068077683448792 [ 89 104  41]
0.6068077683448792 [ 89 104  41]
0.6068077683448792 [ 89 104  41]
0.6068077683448792 [ 89 104  41]
0.6068077683448792 [ 89 104  41]
0.6068077683448792 [ 89 104  41]
0.6068077683448792 [ 89 104  41]
0.6068077683448792 [ 89 104  41]
0.6068077683448792 [ 89 104  41]
ACC 0.7655935613682092
