0.25256291031837463 [ 49 118 117]
0.19733092188835144 [ 49 118 117]
0.19733092188835144 [ 49 118 117]
0.19733092188835144 [ 49 118 117]
0.19733092188835144 [ 49 118 117]
0.19733092188835144 [ 49 118 117]
0.19733092188835144 [ 49 118 117]
0.19733092188835144 [ 49 118 117]
0.19733092188835144 [ 49 118 117]
0.19733092188835144 [ 49 118 117]
0.19023816287517548 [ 66 107  78]
0.19023816287517548 [ 66 107  78]
0.19023816287517548 [ 66 107  78]
0.19023816287517548 [ 66 107  78]
0.19023816287517548 [ 66 107  78]
0.19023816287517548 [ 66 107  78]
0.19023816287517548 [ 66 107  78]
0.19023816287517548 [ 66 107  78]
0.19023816287517548 [ 66 107  78]
0.19023816287517548 [ 66 107  78]
0.19023816287517548 [ 66 107  78]
0.19023816287517548 [ 66 107  78]
0.19023816287517548 [ 66 107  78]
0.19023816287517548 [ 66 107  78]
0.19023816287517548 [ 66 107  78]
0.19023816287517548 [ 66 107  78]
0.19023816287517548 [ 66 107  78]
0.19023816287517548 [ 66 107  78]
0.19023816287517548 [ 66 107  78]
0.19023816287517548 [ 66 107  78]
0.19023816287517548 [ 66 107  78]
0.19023816287517548 [ 66 107  78]
0.19023816287517548 [ 66 107  78]
0.19023816287517548 [ 66 107  78]
0.19023816287517548 [ 66 107  78]
0.19023816287517548 [ 66 107  78]
0.19023816287517548 [ 66 107  78]
0.19023816287517548 [ 66 107  78]
0.19023816287517548 [ 66 107  78]
0.19023816287517548 [ 66 107  78]
ACC 0.8429084380610413
