0.22727341949939728 [113  16  17]
0.19473865628242493 [77 53 70]
0.1826958954334259 [ 48  64 124]
0.1826958954334259 [ 48  64 124]
0.1826958954334259 [ 48  64 124]
0.16851690411567688 [128 122  12]
0.16851690411567688 [128 122  12]
0.16851690411567688 [128 122  12]
0.16851690411567688 [128 122  12]
0.16851690411567688 [128 122  12]
0.16851690411567688 [128 122  12]
0.16851690411567688 [128 122  12]
0.16851690411567688 [128 122  12]
0.15333159267902374 [ 64 128  47]
0.15023136138916016 [ 94  93 128]
0.15023136138916016 [ 94  93 128]
0.15023136138916016 [ 94  93 128]
0.15023136138916016 [ 94  93 128]
0.15023136138916016 [ 94  93 128]
0.15023136138916016 [ 94  93 128]
0.15023136138916016 [ 94  93 128]
0.15023136138916016 [ 94  93 128]
0.15023136138916016 [ 94  93 128]
0.12625397741794586 [ 54 127  96]
0.12625397741794586 [ 54 127  96]
0.12625397741794586 [ 54 127  96]
0.12625397741794586 [ 54 127  96]
0.12625397741794586 [ 54 127  96]
0.12625397741794586 [ 54 127  96]
0.12625397741794586 [ 54 127  96]
0.12625397741794586 [ 54 127  96]
0.12625397741794586 [ 54 127  96]
0.12625397741794586 [ 54 127  96]
0.12625397741794586 [ 54 127  96]
0.12625397741794586 [ 54 127  96]
0.12625397741794586 [ 54 127  96]
0.12625397741794586 [ 54 127  96]
0.12625397741794586 [ 54 127  96]
0.12625397741794586 [ 54 127  96]
0.12625397741794586 [ 54 127  96]
ACC 0.8555023923444977
