0.1949586123228073
0.11492876708507538
0.11492876708507538
0.11492876708507538
0.11492876708507538
0.11492876708507538
0.11492876708507538
0.11492876708507538
0.11492876708507538
0.11492876708507538
0.11492876708507538
0.11492876708507538
0.11492876708507538
0.11492876708507538
0.11492876708507538
0.11492876708507538
0.11492876708507538
0.11492876708507538
0.11492876708507538
0.11492876708507538
0.11492876708507538
0.11492876708507538
0.11492876708507538
0.11492876708507538
0.11492876708507538
0.11492876708507538
0.11492876708507538
0.11492876708507538
0.11492876708507538
0.08272092789411545
0.08272092789411545
0.08272092789411545
0.08272092789411545
0.08272092789411545
0.08272092789411545
0.08272092789411545
0.08272092789411545
0.08272092789411545
0.08272092789411545
0.08272092789411545
0.9058039961941009
