0.2512843906879425
0.20983386039733887
0.20983386039733887
0.20983386039733887
0.20983386039733887
0.20983386039733887
0.20983386039733887
0.20983386039733887
0.20983386039733887
0.2013183981180191
0.2013183981180191
0.2013183981180191
0.2013183981180191
0.2013183981180191
0.17291764914989471
0.17291764914989471
0.17291764914989471
0.17291764914989471
0.17291764914989471
0.15656468272209167
0.15656468272209167
0.15656468272209167
0.15656468272209167
0.15656468272209167
0.15656468272209167
0.15656468272209167
0.15656468272209167
0.15656468272209167
0.15656468272209167
0.15656468272209167
0.15656468272209167
0.15656468272209167
0.15656468272209167
0.15656468272209167
0.15656468272209167
0.15656468272209167
0.15528245270252228
0.15528245270252228
0.15528245270252228
0.15528245270252228
0.8780251694094869
