0.8462463617324829
0.8259849548339844
0.8259849548339844
0.8259849548339844
0.8259849548339844
0.8259849548339844
0.8259849548339844
0.8259849548339844
0.8259849548339844
0.8259849548339844
0.8259849548339844
0.8259849548339844
0.8070202469825745
0.8070202469825745
0.8070202469825745
0.8070202469825745
0.8070202469825745
0.8070202469825745
0.8070202469825745
0.8070202469825745
0.8070202469825745
0.8070202469825745
0.6561347246170044
0.6561347246170044
0.6561347246170044
0.6561347246170044
0.6561347246170044
0.6561347246170044
0.6561347246170044
0.6561347246170044
0.6561347246170044
0.6561347246170044
0.6561347246170044
0.6561347246170044
0.6561347246170044
0.6561347246170044
0.6561347246170044
0.6561347246170044
0.6561347246170044
0.6561347246170044
0.7528089887640449
