0.2683719992637634 [48 99 52]
0.22491061687469482 [67 85 93]
0.2110673487186432 [101 128  41]
0.2110673487186432 [101 128  41]
0.2110673487186432 [101 128  41]
0.2110673487186432 [101 128  41]
0.2110673487186432 [101 128  41]
0.2110673487186432 [101 128  41]
0.2110673487186432 [101 128  41]
0.17776884138584137 [ 39 109 122]
0.17776884138584137 [ 39 109 122]
0.17776884138584137 [ 39 109 122]
0.17776884138584137 [ 39 109 122]
0.17776884138584137 [ 39 109 122]
0.17776884138584137 [ 39 109 122]
0.17776884138584137 [ 39 109 122]
0.1686546951532364 [128 120 117]
0.1686546951532364 [128 120 117]
0.1686546951532364 [128 120 117]
0.1686546951532364 [128 120 117]
0.1686546951532364 [128 120 117]
0.1686546951532364 [128 120 117]
0.1686546951532364 [128 120 117]
0.1686546951532364 [128 120 117]
0.1686546951532364 [128 120 117]
0.1686546951532364 [128 120 117]
0.1686546951532364 [128 120 117]
0.1686546951532364 [128 120 117]
0.1686546951532364 [128 120 117]
0.1686546951532364 [128 120 117]
0.1686546951532364 [128 120 117]
0.1686546951532364 [128 120 117]
0.1686546951532364 [128 120 117]
0.1686546951532364 [128 120 117]
0.1686546951532364 [128 120 117]
0.1686546951532364 [128 120 117]
0.1686546951532364 [128 120 117]
0.1686546951532364 [128 120 117]
0.1686546951532364 [128 120 117]
0.1686546951532364 [128 120 117]
ACC 0.8464454976303317
