0.26450106501579285 [ 99  83 127]
0.26450106501579285 [ 99  83 127]
0.25685423612594604 [45 75 49]
0.25024062395095825 [73 74 31]
0.25024062395095825 [73 74 31]
0.25024062395095825 [73 74 31]
0.25024062395095825 [73 74 31]
0.24351179599761963 [73 46 81]
0.24351179599761963 [73 46 81]
0.24351179599761963 [73 46 81]
0.24351179599761963 [73 46 81]
0.24351179599761963 [73 46 81]
0.24351179599761963 [73 46 81]
0.24300582706928253 [73 46 32]
0.24300582706928253 [73 46 32]
0.24300582706928253 [73 46 32]
0.24300582706928253 [73 46 32]
0.24300582706928253 [73 46 32]
0.23402521014213562 [ 60 111 110]
0.23402521014213562 [ 60 111 110]
0.22350947558879852 [ 58 128  82]
0.22350947558879852 [ 58 128  82]
0.22350947558879852 [ 58 128  82]
0.18747447431087494 [ 50 119 102]
0.18747447431087494 [ 50 119 102]
0.18747447431087494 [ 50 119 102]
0.18747447431087494 [ 50 119 102]
0.18747447431087494 [ 50 119 102]
0.18747447431087494 [ 50 119 102]
0.18747447431087494 [ 50 119 102]
0.18747447431087494 [ 50 119 102]
0.18747447431087494 [ 50 119 102]
0.18747447431087494 [ 50 119 102]
0.18747447431087494 [ 50 119 102]
0.18747447431087494 [ 50 119 102]
0.18747447431087494 [ 50 119 102]
0.18747447431087494 [ 50 119 102]
0.18747447431087494 [ 50 119 102]
0.18747447431087494 [ 50 119 102]
0.18747447431087494 [ 50 119 102]
ACC 0.8535885167464115
