0.1780685931444168 [ 77  48 124]
0.1780685931444168 [ 77  48 124]
0.1780685931444168 [ 77  48 124]
0.1780685931444168 [ 77  48 124]
0.1780685931444168 [ 77  48 124]
0.17671865224838257 [ 54 110 105]
0.17671865224838257 [ 54 110 105]
0.17671865224838257 [ 54 110 105]
0.17671865224838257 [ 54 110 105]
0.16541160643100739 [ 55 100 128]
0.16541160643100739 [ 55 100 128]
0.16541160643100739 [ 55 100 128]
0.16541160643100739 [ 55 100 128]
0.16541160643100739 [ 55 100 128]
0.16541160643100739 [ 55 100 128]
0.16541160643100739 [ 55 100 128]
0.16541160643100739 [ 55 100 128]
0.16541160643100739 [ 55 100 128]
0.16541160643100739 [ 55 100 128]
0.16541160643100739 [ 55 100 128]
0.16541160643100739 [ 55 100 128]
0.16541160643100739 [ 55 100 128]
0.16541160643100739 [ 55 100 128]
0.14713448286056519 [ 34  80 128]
0.14713448286056519 [ 34  80 128]
0.14713448286056519 [ 34  80 128]
0.14713448286056519 [ 34  80 128]
0.14713448286056519 [ 34  80 128]
0.14540959894657135 [108 112  27]
0.14540959894657135 [108 112  27]
0.14540959894657135 [108 112  27]
0.14540959894657135 [108 112  27]
0.14540959894657135 [108 112  27]
0.14540959894657135 [108 112  27]
0.14540959894657135 [108 112  27]
0.14540959894657135 [108 112  27]
0.14540959894657135 [108 112  27]
0.14540959894657135 [108 112  27]
0.14540959894657135 [108 112  27]
0.14540959894657135 [108 112  27]
ACC 0.8777120315581854
