1.100550651550293
0.8428240418434143
0.7814056277275085
0.7814056277275085
0.7814056277275085
0.7814056277275085
0.7814056277275085
0.7814056277275085
0.7814056277275085
0.7060034871101379
0.7060034871101379
0.7060034871101379
0.7060034871101379
0.7060034871101379
0.7060034871101379
0.7060034871101379
0.7060034871101379
0.7060034871101379
0.7060034871101379
0.7060034871101379
0.7060034871101379
0.7060034871101379
0.7060034871101379
0.7060034871101379
0.7060034871101379
0.7060034871101379
0.7060034871101379
0.7060034871101379
0.7060034871101379
0.7060034871101379
0.7060034871101379
0.7060034871101379
0.7060034871101379
0.7060034871101379
0.7060034871101379
0.7060034871101379
0.7060034871101379
0.7060034871101379
0.7060034871101379
0.7060034871101379
0.7571560480147738
