0.13078097999095917 [19 92 31]
0.12086126953363419 [ 86 109 113]
0.11092235147953033 [ 93 115  66]
0.11092235147953033 [ 93 115  66]
0.11092235147953033 [ 93 115  66]
0.11092235147953033 [ 93 115  66]
0.11092235147953033 [ 93 115  66]
0.11092235147953033 [ 93 115  66]
0.11092235147953033 [ 93 115  66]
0.11092235147953033 [ 93 115  66]
0.11092235147953033 [ 93 115  66]
0.11092235147953033 [ 93 115  66]
0.11092235147953033 [ 93 115  66]
0.11092235147953033 [ 93 115  66]
0.11092235147953033 [ 93 115  66]
0.11092235147953033 [ 93 115  66]
0.11092235147953033 [ 93 115  66]
0.11092235147953033 [ 93 115  66]
0.11092235147953033 [ 93 115  66]
0.11092235147953033 [ 93 115  66]
0.10045374184846878 [ 72  70 111]
0.10045374184846878 [ 72  70 111]
0.10045374184846878 [ 72  70 111]
0.10045374184846878 [ 72  70 111]
0.10045374184846878 [ 72  70 111]
0.10045374184846878 [ 72  70 111]
0.10045374184846878 [ 72  70 111]
0.10045374184846878 [ 72  70 111]
0.10045374184846878 [ 72  70 111]
0.10045374184846878 [ 72  70 111]
0.09863678365945816 [ 41  67 125]
0.09863678365945816 [ 41  67 125]
0.09863678365945816 [ 41  67 125]
0.09863678365945816 [ 41  67 125]
0.09863678365945816 [ 41  67 125]
0.09863678365945816 [ 41  67 125]
0.09863678365945816 [ 41  67 125]
0.09863678365945816 [ 41  67 125]
0.09863678365945816 [ 41  67 125]
0.09863678365945816 [ 41  67 125]
ACC 0.9074427480916031
