0.2031259536743164
0.14959664642810822
0.13941094279289246
0.13941094279289246
0.13941094279289246
0.13938942551612854
0.1366894692182541
0.1366894692182541
0.1366894692182541
0.1366894692182541
0.12848743796348572
0.12848743796348572
0.12528622150421143
0.12528622150421143
0.12220422178506851
0.12220422178506851
0.12220422178506851
0.12220422178506851
0.12220422178506851
0.12220422178506851
0.12220422178506851
0.12220422178506851
0.12220422178506851
0.12220422178506851
0.12220422178506851
0.12220422178506851
0.12220422178506851
0.12220422178506851
0.12220422178506851
0.12220422178506851
0.12220422178506851
0.12220422178506851
0.12220422178506851
0.12220422178506851
0.12220422178506851
0.12220422178506851
0.12220422178506851
0.12220422178506851
0.12220422178506851
0.12220422178506851
0.8799612778315585
