0.9255104660987854 [124 103 126]
0.8716686367988586 [93 46 75]
0.6001198887825012 [ 99 126  75]
0.6001198887825012 [ 99 126  75]
0.6001198887825012 [ 99 126  75]
0.6001198887825012 [ 99 126  75]
0.6001198887825012 [ 99 126  75]
0.6001198887825012 [ 99 126  75]
0.6001198887825012 [ 99 126  75]
0.6001198887825012 [ 99 126  75]
0.6001198887825012 [ 99 126  75]
0.6001198887825012 [ 99 126  75]
0.6001198887825012 [ 99 126  75]
0.6001198887825012 [ 99 126  75]
0.5945607423782349 [127 128 128]
0.5945607423782349 [127 128 128]
0.5945607423782349 [127 128 128]
0.5945607423782349 [127 128 128]
0.5945607423782349 [127 128 128]
0.5945607423782349 [127 128 128]
0.5945607423782349 [127 128 128]
0.5945607423782349 [127 128 128]
0.5945607423782349 [127 128 128]
0.5945607423782349 [127 128 128]
0.5945607423782349 [127 128 128]
0.5945607423782349 [127 128 128]
0.5945607423782349 [127 128 128]
0.5945607423782349 [127 128 128]
0.5945607423782349 [127 128 128]
0.5945607423782349 [127 128 128]
0.5945607423782349 [127 128 128]
0.5945607423782349 [127 128 128]
0.5945607423782349 [127 128 128]
0.5945607423782349 [127 128 128]
0.5945607423782349 [127 128 128]
0.5945607423782349 [127 128 128]
0.5945607423782349 [127 128 128]
0.5945607423782349 [127 128 128]
0.5945607423782349 [127 128 128]
0.5945607423782349 [127 128 128]
ACC 0.7644183773216031
