0.6070913076400757
0.6070913076400757
0.6070913076400757
0.6070913076400757
0.6070913076400757
0.6070913076400757
0.6070913076400757
0.6070913076400757
0.6070913076400757
0.5999879837036133
0.5999879837036133
0.5999879837036133
0.5999879837036133
0.5999879837036133
0.5999879837036133
0.5999879837036133
0.5999879837036133
0.5999879837036133
0.5999879837036133
0.5999879837036133
0.5999879837036133
0.5999879837036133
0.5999879837036133
0.5999879837036133
0.5999879837036133
0.5999879837036133
0.5999879837036133
0.5999879837036133
0.5999879837036133
0.5999879837036133
0.5999879837036133
0.5999879837036133
0.5999879837036133
0.5999879837036133
0.5999879837036133
0.5999879837036133
0.5999879837036133
0.5999879837036133
0.5999879837036133
0.5999879837036133
0.7853053435114504
