0.22867389023303986 [104 126 101]
0.22867389023303986 [104 126 101]
0.22867389023303986 [104 126 101]
0.22867389023303986 [104 126 101]
0.22867389023303986 [104 126 101]
0.22867389023303986 [104 126 101]
0.22867389023303986 [104 126 101]
0.22867389023303986 [104 126 101]
0.22867389023303986 [104 126 101]
0.22867389023303986 [104 126 101]
0.22867389023303986 [104 126 101]
0.22867389023303986 [104 126 101]
0.22867389023303986 [104 126 101]
0.22867389023303986 [104 126 101]
0.22867389023303986 [104 126 101]
0.22867389023303986 [104 126 101]
0.22867389023303986 [104 126 101]
0.22867389023303986 [104 126 101]
0.22867389023303986 [104 126 101]
0.22867389023303986 [104 126 101]
0.22867389023303986 [104 126 101]
0.22867389023303986 [104 126 101]
0.22867389023303986 [104 126 101]
0.22867389023303986 [104 126 101]
0.22867389023303986 [104 126 101]
0.22867389023303986 [104 126 101]
0.22867389023303986 [104 126 101]
0.22867389023303986 [104 126 101]
0.22867389023303986 [104 126 101]
0.22867389023303986 [104 126 101]
0.22867389023303986 [104 126 101]
0.22867389023303986 [104 126 101]
0.21954984962940216 [ 50 128  52]
0.21954984962940216 [ 50 128  52]
0.21954984962940216 [ 50 128  52]
0.21954984962940216 [ 50 128  52]
0.21954984962940216 [ 50 128  52]
0.21954984962940216 [ 50 128  52]
0.21954984962940216 [ 50 128  52]
0.21954984962940216 [ 50 128  52]
ACC 0.8352059925093633
