0.22039847075939178
0.1974998116493225
0.1780146211385727
0.1780146211385727
0.1780146211385727
0.1780146211385727
0.1780146211385727
0.1780146211385727
0.1780146211385727
0.1780146211385727
0.1780146211385727
0.1780146211385727
0.1780146211385727
0.1780146211385727
0.1780146211385727
0.1780146211385727
0.1780146211385727
0.1780146211385727
0.1780146211385727
0.1780146211385727
0.1780146211385727
0.1755644977092743
0.1755644977092743
0.1755644977092743
0.1755644977092743
0.1755644977092743
0.1755644977092743
0.1755644977092743
0.1755644977092743
0.1755644977092743
0.1755644977092743
0.1755644977092743
0.1755644977092743
0.1755644977092743
0.1755644977092743
0.1755644977092743
0.1755644977092743
0.1755644977092743
0.1755644977092743
0.1755644977092743
0.8691943127962085
