0.2622743844985962 [24 84 21]
0.1912168264389038 [ 61 121  52]
0.16378262639045715 [ 56 127 125]
0.16373203694820404 [63 71 87]
0.16373203694820404 [63 71 87]
0.16373203694820404 [63 71 87]
0.15553198754787445 [125  24 117]
0.15553198754787445 [125  24 117]
0.12188837677240372 [ 46 119 128]
0.12188837677240372 [ 46 119 128]
0.12188837677240372 [ 46 119 128]
0.12188837677240372 [ 46 119 128]
0.12188837677240372 [ 46 119 128]
0.12188837677240372 [ 46 119 128]
0.12188837677240372 [ 46 119 128]
0.12188837677240372 [ 46 119 128]
0.12188837677240372 [ 46 119 128]
0.12188837677240372 [ 46 119 128]
0.12188837677240372 [ 46 119 128]
0.12188837677240372 [ 46 119 128]
0.12188837677240372 [ 46 119 128]
0.12188837677240372 [ 46 119 128]
0.12188837677240372 [ 46 119 128]
0.12188837677240372 [ 46 119 128]
0.12188837677240372 [ 46 119 128]
0.12188837677240372 [ 46 119 128]
0.12188837677240372 [ 46 119 128]
0.12188837677240372 [ 46 119 128]
0.12188837677240372 [ 46 119 128]
0.12188837677240372 [ 46 119 128]
0.12188837677240372 [ 46 119 128]
0.12188837677240372 [ 46 119 128]
0.12188837677240372 [ 46 119 128]
0.12188837677240372 [ 46 119 128]
0.12188837677240372 [ 46 119 128]
0.12188837677240372 [ 46 119 128]
0.12188837677240372 [ 46 119 128]
0.12188837677240372 [ 46 119 128]
0.12188837677240372 [ 46 119 128]
0.12188837677240372 [ 46 119 128]
ACC 0.8526315789473684
