0.27174219489097595
0.25004440546035767
0.25004440546035767
0.24931955337524414
0.24931955337524414
0.24931955337524414
0.24931955337524414
0.24931955337524414
0.24931955337524414
0.24931955337524414
0.24717940390110016
0.24717940390110016
0.24717940390110016
0.23607389628887177
0.23607389628887177
0.23607389628887177
0.23607389628887177
0.23607389628887177
0.23607389628887177
0.23607389628887177
0.22887662053108215
0.22887662053108215
0.21657897531986237
0.21657897531986237
0.21657897531986237
0.21657897531986237
0.21657897531986237
0.21657897531986237
0.21657897531986237
0.21346133947372437
0.21346133947372437
0.21346133947372437
0.21346133947372437
0.21346133947372437
0.21346133947372437
0.21346133947372437
0.21346133947372437
0.21346133947372437
0.21346133947372437
0.21346133947372437
0.8267790262172284
