0.20313619077205658
0.20313619077205658
0.19306793808937073
0.18611930310726166
0.1614321917295456
0.1614321917295456
0.1614321917295456
0.1614321917295456
0.1614321917295456
0.1614321917295456
0.15578684210777283
0.15578684210777283
0.15578684210777283
0.13552457094192505
0.13552457094192505
0.13552457094192505
0.13552457094192505
0.13552457094192505
0.13552457094192505
0.13552457094192505
0.13552457094192505
0.13552457094192505
0.13552457094192505
0.13552457094192505
0.13552457094192505
0.13552457094192505
0.13552457094192505
0.13552457094192505
0.13552457094192505
0.13552457094192505
0.13552457094192505
0.13552457094192505
0.13552457094192505
0.13552457094192505
0.13552457094192505
0.13552457094192505
0.13552457094192505
0.13552457094192505
0.13552457094192505
0.13552457094192505
0.8895131086142322
