0.8941724896430969 [ 96 107  96]
0.8941724896430969 [ 96 107  96]
0.8941724896430969 [ 96 107  96]
0.8941724896430969 [ 96 107  96]
0.7401556372642517 [117  51  82]
0.7401556372642517 [117  51  82]
0.7401556372642517 [117  51  82]
0.7401556372642517 [117  51  82]
0.7401556372642517 [117  51  82]
0.7401556372642517 [117  51  82]
0.7401556372642517 [117  51  82]
0.7401556372642517 [117  51  82]
0.7401556372642517 [117  51  82]
0.7401556372642517 [117  51  82]
0.7401556372642517 [117  51  82]
0.7401556372642517 [117  51  82]
0.7401556372642517 [117  51  82]
0.7401556372642517 [117  51  82]
0.7401556372642517 [117  51  82]
0.7401556372642517 [117  51  82]
0.7401556372642517 [117  51  82]
0.7401556372642517 [117  51  82]
0.7401556372642517 [117  51  82]
0.7401556372642517 [117  51  82]
0.7058679461479187 [128  54  41]
0.7058679461479187 [128  54  41]
0.7058679461479187 [128  54  41]
0.7058679461479187 [128  54  41]
0.7058679461479187 [128  54  41]
0.7058679461479187 [128  54  41]
0.7058679461479187 [128  54  41]
0.7058679461479187 [128  54  41]
0.7058679461479187 [128  54  41]
0.7058679461479187 [128  54  41]
0.7058679461479187 [128  54  41]
0.7058679461479187 [128  54  41]
0.7058679461479187 [128  54  41]
0.7058679461479187 [128  54  41]
0.7058679461479187 [128  54  41]
0.7058679461479187 [128  54  41]
ACC 0.7213270142180095
