0.2268405556678772 [104  77  64]
0.1637546271085739 [ 82  98 124]
0.1637546271085739 [ 82  98 124]
0.1525462567806244 [ 54 125  83]
0.1525462567806244 [ 54 125  83]
0.1525462567806244 [ 54 125  83]
0.1525462567806244 [ 54 125  83]
0.1525462567806244 [ 54 125  83]
0.1525462567806244 [ 54 125  83]
0.14584940671920776 [ 72 112 128]
0.13995733857154846 [128 128  83]
0.13995733857154846 [128 128  83]
0.13995733857154846 [128 128  83]
0.13995733857154846 [128 128  83]
0.13995733857154846 [128 128  83]
0.13995733857154846 [128 128  83]
0.13995733857154846 [128 128  83]
0.13995733857154846 [128 128  83]
0.13995733857154846 [128 128  83]
0.13995733857154846 [128 128  83]
0.13995733857154846 [128 128  83]
0.13995733857154846 [128 128  83]
0.13995733857154846 [128 128  83]
0.13995733857154846 [128 128  83]
0.13995733857154846 [128 128  83]
0.13995733857154846 [128 128  83]
0.13995733857154846 [128 128  83]
0.13995733857154846 [128 128  83]
0.13995733857154846 [128 128  83]
0.13995733857154846 [128 128  83]
0.13995733857154846 [128 128  83]
0.13995733857154846 [128 128  83]
0.13995733857154846 [128 128  83]
0.13995733857154846 [128 128  83]
0.13995733857154846 [128 128  83]
0.13995733857154846 [128 128  83]
0.13995733857154846 [128 128  83]
0.13995733857154846 [128 128  83]
0.13995733857154846 [128 128  83]
0.13995733857154846 [128 128  83]
ACC 0.8511066398390342
