0.24846027791500092 [47 72 95]
0.21949121356010437 [118 121  52]
0.20185543596744537 [ 43 108  12]
0.20185543596744537 [ 43 108  12]
0.193319633603096 [ 48 103 128]
0.193319633603096 [ 48 103 128]
0.193319633603096 [ 48 103 128]
0.193319633603096 [ 48 103 128]
0.17965242266654968 [32 74 63]
0.17965242266654968 [32 74 63]
0.17965242266654968 [32 74 63]
0.16755981743335724 [ 32 116 118]
0.15256521105766296 [68 47 65]
0.15256521105766296 [68 47 65]
0.15256521105766296 [68 47 65]
0.15256521105766296 [68 47 65]
0.15256521105766296 [68 47 65]
0.15256521105766296 [68 47 65]
0.15256521105766296 [68 47 65]
0.15256521105766296 [68 47 65]
0.15256521105766296 [68 47 65]
0.15256521105766296 [68 47 65]
0.15256521105766296 [68 47 65]
0.15256521105766296 [68 47 65]
0.15256521105766296 [68 47 65]
0.15256521105766296 [68 47 65]
0.15256521105766296 [68 47 65]
0.15256521105766296 [68 47 65]
0.15256521105766296 [68 47 65]
0.15256521105766296 [68 47 65]
0.15256521105766296 [68 47 65]
0.15256521105766296 [68 47 65]
0.15256521105766296 [68 47 65]
0.15256521105766296 [68 47 65]
0.15256521105766296 [68 47 65]
0.15256521105766296 [68 47 65]
0.15256521105766296 [68 47 65]
0.15256521105766296 [68 47 65]
0.15256521105766296 [68 47 65]
0.15256521105766296 [68 47 65]
ACC 0.8530571992110454
