0.12955977022647858
0.11354335397481918
0.11354335397481918
0.11354335397481918
0.11354335397481918
0.10660609602928162
0.0937003642320633
0.0937003642320633
0.0937003642320633
0.0937003642320633
0.0937003642320633
0.07869330048561096
0.07869330048561096
0.07869330048561096
0.07869330048561096
0.07869330048561096
0.07869330048561096
0.07869330048561096
0.07869330048561096
0.07869330048561096
0.07869330048561096
0.07869330048561096
0.07869330048561096
0.07869330048561096
0.07869330048561096
0.07869330048561096
0.07869330048561096
0.07869330048561096
0.07869330048561096
0.07869330048561096
0.07869330048561096
0.07869330048561096
0.07869330048561096
0.07869330048561096
0.07869330048561096
0.07869330048561096
0.07869330048561096
0.07869330048561096
0.07869330048561096
0.07869330048561096
0.9214015151515151
