0.1211508959531784
0.1211508959531784
0.1211508959531784
0.11613358557224274
0.08474931120872498
0.08474931120872498
0.08474931120872498
0.08474931120872498
0.08474931120872498
0.08474931120872498
0.08474931120872498
0.08474931120872498
0.08474931120872498
0.07781773805618286
0.07781773805618286
0.07781773805618286
0.07781773805618286
0.07781773805618286
0.07781773805618286
0.07781773805618286
0.07781773805618286
0.07781773805618286
0.07781773805618286
0.07781773805618286
0.07781773805618286
0.07781773805618286
0.07781773805618286
0.07781773805618286
0.07781773805618286
0.07781773805618286
0.07781773805618286
0.07781773805618286
0.07781773805618286
0.07781773805618286
0.07781773805618286
0.07781773805618286
0.07781773805618286
0.07781773805618286
0.07781773805618286
0.07781773805618286
0.903420523138833
