1.0211119651794434 [ 74  79 126]
0.9363724589347839 [ 73 120  68]
0.9276605844497681 [103  54  94]
0.8922926783561707 [ 93 108  86]
0.8922926783561707 [ 93 108  86]
0.8922926783561707 [ 93 108  86]
0.8861879706382751 [ 86 128  46]
0.8861879706382751 [ 86 128  46]
0.8861879706382751 [ 86 128  46]
0.8861879706382751 [ 86 128  46]
0.8861879706382751 [ 86 128  46]
0.8352484703063965 [103  84 128]
0.8352484703063965 [103  84 128]
0.7375297546386719 [102  95  93]
0.6987172365188599 [87 97 41]
0.6987172365188599 [87 97 41]
0.6987172365188599 [87 97 41]
0.6987172365188599 [87 97 41]
0.6987172365188599 [87 97 41]
0.6987172365188599 [87 97 41]
0.6987172365188599 [87 97 41]
0.6987172365188599 [87 97 41]
0.6987172365188599 [87 97 41]
0.6987172365188599 [87 97 41]
0.6987172365188599 [87 97 41]
0.6987172365188599 [87 97 41]
0.6987172365188599 [87 97 41]
0.6987172365188599 [87 97 41]
0.6987172365188599 [87 97 41]
0.6987172365188599 [87 97 41]
0.6987172365188599 [87 97 41]
0.6987172365188599 [87 97 41]
0.6987172365188599 [87 97 41]
0.6987172365188599 [87 97 41]
0.6987172365188599 [87 97 41]
0.6987172365188599 [87 97 41]
0.6987172365188599 [87 97 41]
0.6987172365188599 [87 97 41]
0.6987172365188599 [87 97 41]
0.6987172365188599 [87 97 41]
ACC 0.6935638808837656
