0.24083195626735687
0.23734521865844727
0.18356525897979736
0.18356525897979736
0.18356525897979736
0.18356525897979736
0.18356525897979736
0.18356525897979736
0.18356525897979736
0.18356525897979736
0.18356525897979736
0.18356525897979736
0.18356525897979736
0.18356525897979736
0.18356525897979736
0.18356525897979736
0.18356525897979736
0.1728121042251587
0.1728121042251587
0.1728121042251587
0.1728121042251587
0.1728121042251587
0.1728121042251587
0.1728121042251587
0.1728121042251587
0.1728121042251587
0.1728121042251587
0.1728121042251587
0.1728121042251587
0.1728121042251587
0.1728121042251587
0.1728121042251587
0.1728121042251587
0.1728121042251587
0.1728121042251587
0.1728121042251587
0.11597813665866852
0.11597813665866852
0.11597813665866852
0.11597813665866852
0.8767638758231421
