0.20805507898330688
0.20805507898330688
0.20805507898330688
0.20805507898330688
0.20805507898330688
0.20805507898330688
0.20805507898330688
0.20805507898330688
0.20805507898330688
0.20805507898330688
0.20805507898330688
0.20019493997097015
0.20019493997097015
0.19633877277374268
0.19633877277374268
0.1867855191230774
0.1867855191230774
0.1867855191230774
0.1867855191230774
0.1867855191230774
0.17417238652706146
0.17417238652706146
0.17417238652706146
0.17417238652706146
0.17417238652706146
0.17417238652706146
0.17351755499839783
0.17351755499839783
0.17351755499839783
0.17351755499839783
0.17351755499839783
0.17351755499839783
0.17351755499839783
0.17351755499839783
0.17351755499839783
0.17351755499839783
0.17351755499839783
0.17351755499839783
0.17351755499839783
0.17351755499839783
0.8425572519083969
