0.16291780769824982
0.16291780769824982
0.1444033831357956
0.13751837611198425
0.13751837611198425
0.13751837611198425
0.13751837611198425
0.13065408170223236
0.13065408170223236
0.13065408170223236
0.13065408170223236
0.13065408170223236
0.13065408170223236
0.12786255776882172
0.12786255776882172
0.12786255776882172
0.12786255776882172
0.12786255776882172
0.12786255776882172
0.12786255776882172
0.10679533332586288
0.10679533332586288
0.10679533332586288
0.10679533332586288
0.10679533332586288
0.10679533332586288
0.10679533332586288
0.10679533332586288
0.10679533332586288
0.10679533332586288
0.10679533332586288
0.10679533332586288
0.10679533332586288
0.10440826416015625
0.10440826416015625
0.10440826416015625
0.10440826416015625
0.10440826416015625
0.10440826416015625
0.10440826416015625
0.914811229428848
