0.135328009724617 [61 27 75]
0.135328009724617 [61 27 75]
0.104873888194561 [127 107 126]
0.104873888194561 [127 107 126]
0.09949158877134323 [ 78 107 126]
0.09949158877134323 [ 78 107 126]
0.09949158877134323 [ 78 107 126]
0.09949158877134323 [ 78 107 126]
0.09949158877134323 [ 78 107 126]
0.09949158877134323 [ 78 107 126]
0.09949158877134323 [ 78 107 126]
0.09949158877134323 [ 78 107 126]
0.09949158877134323 [ 78 107 126]
0.09949158877134323 [ 78 107 126]
0.09949158877134323 [ 78 107 126]
0.09949158877134323 [ 78 107 126]
0.08279438316822052 [ 53 128 123]
0.08279438316822052 [ 53 128 123]
0.08279438316822052 [ 53 128 123]
0.08279438316822052 [ 53 128 123]
0.08279438316822052 [ 53 128 123]
0.08279438316822052 [ 53 128 123]
0.08279438316822052 [ 53 128 123]
0.08279438316822052 [ 53 128 123]
0.08279438316822052 [ 53 128 123]
0.08279438316822052 [ 53 128 123]
0.0770200863480568 [ 61  90 103]
0.0770200863480568 [ 61  90 103]
0.0770200863480568 [ 61  90 103]
0.0770200863480568 [ 61  90 103]
0.0770200863480568 [ 61  90 103]
0.0770200863480568 [ 61  90 103]
0.0770200863480568 [ 61  90 103]
0.0770200863480568 [ 61  90 103]
0.0770200863480568 [ 61  90 103]
0.0770200863480568 [ 61  90 103]
0.0770200863480568 [ 61  90 103]
0.0770200863480568 [ 61  90 103]
0.07670410722494125 [102 128 128]
0.07670410722494125 [102 128 128]
ACC 0.9034090909090909
