0.6886959671974182 [ 55 105 128]
0.6886959671974182 [ 55 105 128]
0.6886959671974182 [ 55 105 128]
0.6886959671974182 [ 55 105 128]
0.6886959671974182 [ 55 105 128]
0.6886959671974182 [ 55 105 128]
0.6886959671974182 [ 55 105 128]
0.6492540836334229 [ 58 128  82]
0.6492540836334229 [ 58 128  82]
0.6492540836334229 [ 58 128  82]
0.6492540836334229 [ 58 128  82]
0.6492540836334229 [ 58 128  82]
0.6492540836334229 [ 58 128  82]
0.6492540836334229 [ 58 128  82]
0.6492540836334229 [ 58 128  82]
0.6492540836334229 [ 58 128  82]
0.6492540836334229 [ 58 128  82]
0.6492540836334229 [ 58 128  82]
0.6492540836334229 [ 58 128  82]
0.6492540836334229 [ 58 128  82]
0.6492540836334229 [ 58 128  82]
0.6492540836334229 [ 58 128  82]
0.6492540836334229 [ 58 128  82]
0.6492540836334229 [ 58 128  82]
0.6492540836334229 [ 58 128  82]
0.6123596429824829 [124  75  41]
0.6123596429824829 [124  75  41]
0.6123596429824829 [124  75  41]
0.6123596429824829 [124  75  41]
0.6123596429824829 [124  75  41]
0.6123596429824829 [124  75  41]
0.6123596429824829 [124  75  41]
0.6123596429824829 [124  75  41]
0.6123596429824829 [124  75  41]
0.6123596429824829 [124  75  41]
0.6123596429824829 [124  75  41]
0.6123596429824829 [124  75  41]
0.6123596429824829 [124  75  41]
0.6123596429824829 [124  75  41]
0.6123596429824829 [124  75  41]
ACC 0.7423822714681441
