0.5738742351531982
0.5738742351531982
0.5738742351531982
0.5738742351531982
0.5738742351531982
0.5738742351531982
0.5738742351531982
0.5738742351531982
0.5738742351531982
0.5738742351531982
0.5738742351531982
0.5738742351531982
0.5738742351531982
0.5738742351531982
0.5738742351531982
0.5738742351531982
0.5738742351531982
0.5738742351531982
0.5738742351531982
0.5738742351531982
0.5738742351531982
0.5738742351531982
0.5738742351531982
0.5738742351531982
0.5738742351531982
0.5738742351531982
0.5738742351531982
0.5738742351531982
0.5738742351531982
0.5738742351531982
0.5738742351531982
0.5738742351531982
0.5738742351531982
0.5738742351531982
0.5738742351531982
0.5738742351531982
0.5738742351531982
0.5738742351531982
0.5738742351531982
0.5738742351531982
0.7843511450381679
