0.1797720044851303 [42 25 33]
0.1135987937450409 [113 110  88]
0.1135987937450409 [113 110  88]
0.1077689602971077 [122 111 115]
0.1077689602971077 [122 111 115]
0.1077689602971077 [122 111 115]
0.1077689602971077 [122 111 115]
0.1077689602971077 [122 111 115]
0.1077689602971077 [122 111 115]
0.1077689602971077 [122 111 115]
0.1077689602971077 [122 111 115]
0.1077689602971077 [122 111 115]
0.1077689602971077 [122 111 115]
0.1077689602971077 [122 111 115]
0.1077689602971077 [122 111 115]
0.1077689602971077 [122 111 115]
0.1077689602971077 [122 111 115]
0.1077689602971077 [122 111 115]
0.1077689602971077 [122 111 115]
0.1077689602971077 [122 111 115]
0.1077689602971077 [122 111 115]
0.1077689602971077 [122 111 115]
0.1077689602971077 [122 111 115]
0.1077689602971077 [122 111 115]
0.1077689602971077 [122 111 115]
0.1077689602971077 [122 111 115]
0.1077689602971077 [122 111 115]
0.1077689602971077 [122 111 115]
0.1077689602971077 [122 111 115]
0.09109513461589813 [ 60  92 106]
0.09109513461589813 [ 60  92 106]
0.09109513461589813 [ 60  92 106]
0.09109513461589813 [ 60  92 106]
0.09109513461589813 [ 60  92 106]
0.09109513461589813 [ 60  92 106]
0.09109513461589813 [ 60  92 106]
0.09109513461589813 [ 60  92 106]
0.09109513461589813 [ 60  92 106]
0.09109513461589813 [ 60  92 106]
0.09109513461589813 [ 60  92 106]
ACC 0.9138431752178122
