0.9665347337722778
0.9665347337722778
0.7758076786994934
0.7758076786994934
0.7758076786994934
0.7758076786994934
0.7758076786994934
0.7758076786994934
0.7758076786994934
0.7758076786994934
0.7758076786994934
0.7758076786994934
0.7758076786994934
0.7758076786994934
0.7758076786994934
0.7758076786994934
0.7758076786994934
0.7758076786994934
0.7758076786994934
0.7758076786994934
0.7758076786994934
0.7758076786994934
0.7432815432548523
0.7432815432548523
0.7432815432548523
0.7432815432548523
0.7432815432548523
0.7432815432548523
0.7432815432548523
0.7432815432548523
0.7432815432548523
0.7432815432548523
0.7432815432548523
0.7432815432548523
0.7432815432548523
0.7432815432548523
0.7432815432548523
0.7432815432548523
0.7432815432548523
0.7432815432548523
0.7130761994355598
