0.24343955516815186
0.24343955516815186
0.24343955516815186
0.24343955516815186
0.24343955516815186
0.24343955516815186
0.24343955516815186
0.24343955516815186
0.24343955516815186
0.24343955516815186
0.24343955516815186
0.24343955516815186
0.24343955516815186
0.24343955516815186
0.24088437855243683
0.24088437855243683
0.24088437855243683
0.23651571571826935
0.23651571571826935
0.23651571571826935
0.23651571571826935
0.23651571571826935
0.23651571571826935
0.23651571571826935
0.23651571571826935
0.23651571571826935
0.23651571571826935
0.23651571571826935
0.23651571571826935
0.23651571571826935
0.23651571571826935
0.23651571571826935
0.23651571571826935
0.23651571571826935
0.23651571571826935
0.23651571571826935
0.23651571571826935
0.23651571571826935
0.23651571571826935
0.23651571571826935
0.8330341113105925
