0.15974383056163788
0.09931281208992004
0.09931281208992004
0.09931281208992004
0.09931281208992004
0.09931281208992004
0.09931281208992004
0.09931281208992004
0.09931281208992004
0.09931281208992004
0.09931281208992004
0.09931281208992004
0.09931281208992004
0.09931281208992004
0.09931281208992004
0.09931281208992004
0.09931281208992004
0.09931281208992004
0.07856126874685287
0.07856126874685287
0.07856126874685287
0.07856126874685287
0.07856126874685287
0.07856126874685287
0.07856126874685287
0.07856126874685287
0.07856126874685287
0.07856126874685287
0.07856126874685287
0.07856126874685287
0.07856126874685287
0.07856126874685287
0.07856126874685287
0.07856126874685287
0.07856126874685287
0.07856126874685287
0.07856126874685287
0.07856126874685287
0.07856126874685287
0.07856126874685287
0.9130009775171065
