0.08673585206270218 [ 66 118  98]
0.08673585206270218 [ 66 118  98]
0.08673585206270218 [ 66 118  98]
0.08673585206270218 [ 66 118  98]
0.08673585206270218 [ 66 118  98]
0.08441993594169617 [ 32 102  77]
0.08441993594169617 [ 32 102  77]
0.08441993594169617 [ 32 102  77]
0.08441993594169617 [ 32 102  77]
0.08441993594169617 [ 32 102  77]
0.08441993594169617 [ 32 102  77]
0.08441993594169617 [ 32 102  77]
0.08441993594169617 [ 32 102  77]
0.08441993594169617 [ 32 102  77]
0.08441993594169617 [ 32 102  77]
0.07942160218954086 [ 65 128  99]
0.07942160218954086 [ 65 128  99]
0.07942160218954086 [ 65 128  99]
0.07942160218954086 [ 65 128  99]
0.07942160218954086 [ 65 128  99]
0.07942160218954086 [ 65 128  99]
0.07942160218954086 [ 65 128  99]
0.07942160218954086 [ 65 128  99]
0.07942160218954086 [ 65 128  99]
0.07942160218954086 [ 65 128  99]
0.07942160218954086 [ 65 128  99]
0.07942160218954086 [ 65 128  99]
0.07942160218954086 [ 65 128  99]
0.07942160218954086 [ 65 128  99]
0.07942160218954086 [ 65 128  99]
0.07942160218954086 [ 65 128  99]
0.07942160218954086 [ 65 128  99]
0.07942160218954086 [ 65 128  99]
0.07942160218954086 [ 65 128  99]
0.07942160218954086 [ 65 128  99]
0.07942160218954086 [ 65 128  99]
0.07942160218954086 [ 65 128  99]
0.07942160218954086 [ 65 128  99]
0.07942160218954086 [ 65 128  99]
0.07942160218954086 [ 65 128  99]
ACC 0.8984007525870179
