0.2358095347881317 [ 48  47 125]
0.2358095347881317 [ 48  47 125]
0.23100019991397858 [ 59 128  94]
0.23100019991397858 [ 59 128  94]
0.22620061039924622 [ 64  77 128]
0.19568949937820435 [ 59 128  81]
0.19568949937820435 [ 59 128  81]
0.19568949937820435 [ 59 128  81]
0.19568949937820435 [ 59 128  81]
0.19568949937820435 [ 59 128  81]
0.19568949937820435 [ 59 128  81]
0.19568949937820435 [ 59 128  81]
0.19568949937820435 [ 59 128  81]
0.19568949937820435 [ 59 128  81]
0.19568949937820435 [ 59 128  81]
0.19568949937820435 [ 59 128  81]
0.19568949937820435 [ 59 128  81]
0.19568949937820435 [ 59 128  81]
0.19568949937820435 [ 59 128  81]
0.19568949937820435 [ 59 128  81]
0.19568949937820435 [ 59 128  81]
0.19568949937820435 [ 59 128  81]
0.19568949937820435 [ 59 128  81]
0.19568949937820435 [ 59 128  81]
0.19568949937820435 [ 59 128  81]
0.19568949937820435 [ 59 128  81]
0.19568949937820435 [ 59 128  81]
0.19568949937820435 [ 59 128  81]
0.19568949937820435 [ 59 128  81]
0.19568949937820435 [ 59 128  81]
0.19568949937820435 [ 59 128  81]
0.19568949937820435 [ 59 128  81]
0.19568949937820435 [ 59 128  81]
0.1654060333967209 [104 124  52]
0.1654060333967209 [104 124  52]
0.1654060333967209 [104 124  52]
0.1654060333967209 [104 124  52]
0.1654060333967209 [104 124  52]
0.1654060333967209 [104 124  52]
0.1654060333967209 [104 124  52]
ACC 0.8698060941828255
