0.2629370391368866 [56 57 11]
0.24152813851833344 [23 46 36]
0.18616396188735962 [121 111  61]
0.18616396188735962 [121 111  61]
0.13748861849308014 [ 63 113 125]
0.13748861849308014 [ 63 113 125]
0.13748861849308014 [ 63 113 125]
0.13748861849308014 [ 63 113 125]
0.13748861849308014 [ 63 113 125]
0.13748861849308014 [ 63 113 125]
0.13748861849308014 [ 63 113 125]
0.13748861849308014 [ 63 113 125]
0.13748861849308014 [ 63 113 125]
0.13748861849308014 [ 63 113 125]
0.13748861849308014 [ 63 113 125]
0.13748861849308014 [ 63 113 125]
0.13748861849308014 [ 63 113 125]
0.13748861849308014 [ 63 113 125]
0.13748861849308014 [ 63 113 125]
0.13748861849308014 [ 63 113 125]
0.13748861849308014 [ 63 113 125]
0.13748861849308014 [ 63 113 125]
0.13748861849308014 [ 63 113 125]
0.13748861849308014 [ 63 113 125]
0.13748861849308014 [ 63 113 125]
0.13748861849308014 [ 63 113 125]
0.13748861849308014 [ 63 113 125]
0.13748861849308014 [ 63 113 125]
0.13748861849308014 [ 63 113 125]
0.13748861849308014 [ 63 113 125]
0.13748861849308014 [ 63 113 125]
0.13748861849308014 [ 63 113 125]
0.13748861849308014 [ 63 113 125]
0.13594581186771393 [71 71 95]
0.13594581186771393 [71 71 95]
0.13594581186771393 [71 71 95]
0.13594581186771393 [71 71 95]
0.13594581186771393 [71 71 95]
0.13594581186771393 [71 71 95]
0.13594581186771393 [71 71 95]
ACC 0.8822937625754527
