0.09479273855686188 [ 72  91 128]
0.09479273855686188 [ 72  91 128]
0.09479273855686188 [ 72  91 128]
0.09479273855686188 [ 72  91 128]
0.09479273855686188 [ 72  91 128]
0.09479273855686188 [ 72  91 128]
0.09479273855686188 [ 72  91 128]
0.09479273855686188 [ 72  91 128]
0.09479273855686188 [ 72  91 128]
0.09479273855686188 [ 72  91 128]
0.09479273855686188 [ 72  91 128]
0.09479273855686188 [ 72  91 128]
0.09479273855686188 [ 72  91 128]
0.09479273855686188 [ 72  91 128]
0.09479273855686188 [ 72  91 128]
0.09479273855686188 [ 72  91 128]
0.09479273855686188 [ 72  91 128]
0.09479273855686188 [ 72  91 128]
0.09479273855686188 [ 72  91 128]
0.09479273855686188 [ 72  91 128]
0.09479273855686188 [ 72  91 128]
0.09479273855686188 [ 72  91 128]
0.09479273855686188 [ 72  91 128]
0.09479273855686188 [ 72  91 128]
0.09479273855686188 [ 72  91 128]
0.09479273855686188 [ 72  91 128]
0.09479273855686188 [ 72  91 128]
0.09479273855686188 [ 72  91 128]
0.09479273855686188 [ 72  91 128]
0.09479273855686188 [ 72  91 128]
0.09479273855686188 [ 72  91 128]
0.09479273855686188 [ 72  91 128]
0.09479273855686188 [ 72  91 128]
0.09479273855686188 [ 72  91 128]
0.09479273855686188 [ 72  91 128]
0.09479273855686188 [ 72  91 128]
0.09479273855686188 [ 72  91 128]
0.09479273855686188 [ 72  91 128]
0.09479273855686188 [ 72  91 128]
0.09479273855686188 [ 72  91 128]
ACC 0.9115710253998118
