0.7674165964126587 [121 109  44]
0.7674165964126587 [121 109  44]
0.7674165964126587 [121 109  44]
0.754082202911377 [ 72  96 110]
0.754082202911377 [ 72  96 110]
0.754082202911377 [ 72  96 110]
0.6875330805778503 [ 73 127  93]
0.6875330805778503 [ 73 127  93]
0.6875330805778503 [ 73 127  93]
0.6875330805778503 [ 73 127  93]
0.5052566528320312 [ 77 127  69]
0.5052566528320312 [ 77 127  69]
0.5052566528320312 [ 77 127  69]
0.5052566528320312 [ 77 127  69]
0.5052566528320312 [ 77 127  69]
0.5052566528320312 [ 77 127  69]
0.5052566528320312 [ 77 127  69]
0.5052566528320312 [ 77 127  69]
0.5052566528320312 [ 77 127  69]
0.5052566528320312 [ 77 127  69]
0.5052566528320312 [ 77 127  69]
0.5052566528320312 [ 77 127  69]
0.5052566528320312 [ 77 127  69]
0.5052566528320312 [ 77 127  69]
0.5052566528320312 [ 77 127  69]
0.5052566528320312 [ 77 127  69]
0.5052566528320312 [ 77 127  69]
0.5052566528320312 [ 77 127  69]
0.5052566528320312 [ 77 127  69]
0.5052566528320312 [ 77 127  69]
0.5052566528320312 [ 77 127  69]
0.5052566528320312 [ 77 127  69]
0.5052566528320312 [ 77 127  69]
0.5052566528320312 [ 77 127  69]
0.5052566528320312 [ 77 127  69]
0.5052566528320312 [ 77 127  69]
0.5052566528320312 [ 77 127  69]
0.5052566528320312 [ 77 127  69]
0.5052566528320312 [ 77 127  69]
0.5052566528320312 [ 77 127  69]
ACC 0.7947214076246334
