0.12770020961761475
0.12770020961761475
0.12770020961761475
0.12770020961761475
0.10452921688556671
0.10452921688556671
0.10452921688556671
0.10452921688556671
0.10452921688556671
0.10452921688556671
0.10452921688556671
0.10452921688556671
0.10452921688556671
0.10452921688556671
0.10452921688556671
0.10452921688556671
0.10452921688556671
0.10452921688556671
0.10452921688556671
0.10452921688556671
0.10452921688556671
0.10452921688556671
0.10452921688556671
0.10452921688556671
0.10452921688556671
0.10452921688556671
0.10452921688556671
0.10452921688556671
0.10008411109447479
0.10008411109447479
0.10008411109447479
0.10008411109447479
0.10008411109447479
0.10008411109447479
0.10008411109447479
0.10008411109447479
0.0912444069981575
0.0912444069981575
0.0912444069981575
0.0912444069981575
0.8950381679389313
