0.9911426305770874
0.855625569820404
0.7771766781806946
0.7771766781806946
0.7686871886253357
0.7686871886253357
0.7686871886253357
0.7686871886253357
0.7686871886253357
0.7686871886253357
0.7686871886253357
0.7686871886253357
0.7686871886253357
0.7686871886253357
0.7686871886253357
0.7686871886253357
0.5547195076942444
0.5547195076942444
0.5547195076942444
0.5547195076942444
0.5547195076942444
0.5547195076942444
0.5547195076942444
0.5547195076942444
0.5547195076942444
0.5547195076942444
0.5547195076942444
0.5547195076942444
0.5547195076942444
0.5547195076942444
0.5547195076942444
0.5547195076942444
0.5547195076942444
0.5547195076942444
0.5547195076942444
0.5547195076942444
0.5547195076942444
0.5547195076942444
0.5547195076942444
0.5547195076942444
0.7800192122958693
