0.30057293176651 [107  80  75]
0.30057293176651 [107  80  75]
0.26026639342308044 [ 39  92 102]
0.26026639342308044 [ 39  92 102]
0.26026639342308044 [ 39  92 102]
0.26026639342308044 [ 39  92 102]
0.26026639342308044 [ 39  92 102]
0.26026639342308044 [ 39  92 102]
0.26026639342308044 [ 39  92 102]
0.26026639342308044 [ 39  92 102]
0.26026639342308044 [ 39  92 102]
0.26026639342308044 [ 39  92 102]
0.26026639342308044 [ 39  92 102]
0.26026639342308044 [ 39  92 102]
0.26026639342308044 [ 39  92 102]
0.26026639342308044 [ 39  92 102]
0.26026639342308044 [ 39  92 102]
0.26026639342308044 [ 39  92 102]
0.26026639342308044 [ 39  92 102]
0.26026639342308044 [ 39  92 102]
0.26026639342308044 [ 39  92 102]
0.26026639342308044 [ 39  92 102]
0.26026639342308044 [ 39  92 102]
0.26026639342308044 [ 39  92 102]
0.26026639342308044 [ 39  92 102]
0.260178804397583 [ 68 123 128]
0.260178804397583 [ 68 123 128]
0.260178804397583 [ 68 123 128]
0.260178804397583 [ 68 123 128]
0.260178804397583 [ 68 123 128]
0.260178804397583 [ 68 123 128]
0.260178804397583 [ 68 123 128]
0.260178804397583 [ 68 123 128]
0.260178804397583 [ 68 123 128]
0.23296484351158142 [128 114  61]
0.23296484351158142 [128 114  61]
0.23296484351158142 [128 114  61]
0.23296484351158142 [128 114  61]
0.23296484351158142 [128 114  61]
0.23296484351158142 [128 114  61]
ACC 0.8560157790927022
