0.19116510450839996
0.15332500636577606
0.15332500636577606
0.15332500636577606
0.15332500636577606
0.15332500636577606
0.14872723817825317
0.14872723817825317
0.14872723817825317
0.14872723817825317
0.14872723817825317
0.14872723817825317
0.14872723817825317
0.14872723817825317
0.14872723817825317
0.14872723817825317
0.14872723817825317
0.14872723817825317
0.14872723817825317
0.14872723817825317
0.14872723817825317
0.14872723817825317
0.14872723817825317
0.14872723817825317
0.14872723817825317
0.14872723817825317
0.14872723817825317
0.14872723817825317
0.14872723817825317
0.14872723817825317
0.14872723817825317
0.14872723817825317
0.14872723817825317
0.14872723817825317
0.14872723817825317
0.14872723817825317
0.14872723817825317
0.14872723817825317
0.14872723817825317
0.14872723817825317
0.8692748091603053
