0.8154287338256836 [104  60 117]
0.8154287338256836 [104  60 117]
0.8154287338256836 [104  60 117]
0.8154287338256836 [104  60 117]
0.8154287338256836 [104  60 117]
0.8154287338256836 [104  60 117]
0.8154287338256836 [104  60 117]
0.8154287338256836 [104  60 117]
0.8154287338256836 [104  60 117]
0.8154287338256836 [104  60 117]
0.7832280993461609 [127  67  60]
0.7832280993461609 [127  67  60]
0.7832280993461609 [127  67  60]
0.7832280993461609 [127  67  60]
0.7832280993461609 [127  67  60]
0.7832280993461609 [127  67  60]
0.7832280993461609 [127  67  60]
0.7832280993461609 [127  67  60]
0.7832280993461609 [127  67  60]
0.7832280993461609 [127  67  60]
0.7742740511894226 [ 41 125  91]
0.7742740511894226 [ 41 125  91]
0.7742740511894226 [ 41 125  91]
0.7742740511894226 [ 41 125  91]
0.7742740511894226 [ 41 125  91]
0.7742740511894226 [ 41 125  91]
0.7742740511894226 [ 41 125  91]
0.7742740511894226 [ 41 125  91]
0.7742740511894226 [ 41 125  91]
0.6436490416526794 [115 128  41]
0.6436490416526794 [115 128  41]
0.6436490416526794 [115 128  41]
0.6436490416526794 [115 128  41]
0.6436490416526794 [115 128  41]
0.6436490416526794 [115 128  41]
0.6436490416526794 [115 128  41]
0.6436490416526794 [115 128  41]
0.6436490416526794 [115 128  41]
0.6436490416526794 [115 128  41]
0.6436490416526794 [115 128  41]
ACC 0.7553093259464451
