0.9276251196861267
0.9276251196861267
0.9276251196861267
0.8990204334259033
0.8191845417022705
0.6212711334228516
0.6212711334228516
0.6212711334228516
0.6212711334228516
0.6212711334228516
0.6212711334228516
0.6212711334228516
0.6212711334228516
0.6212711334228516
0.6212711334228516
0.6212711334228516
0.6212711334228516
0.6212711334228516
0.6212711334228516
0.6212711334228516
0.6212711334228516
0.6212711334228516
0.6083624362945557
0.6083624362945557
0.6083624362945557
0.6083624362945557
0.6083624362945557
0.6083624362945557
0.6083624362945557
0.6083624362945557
0.6083624362945557
0.6083624362945557
0.6083624362945557
0.6083624362945557
0.6083624362945557
0.6083624362945557
0.6083624362945557
0.6083624362945557
0.6083624362945557
0.6083624362945557
0.7722488038277512
