0.14992105960845947 [97 41 72]
0.11753561347723007 [ 39  74 101]
0.11753561347723007 [ 39  74 101]
0.11753561347723007 [ 39  74 101]
0.11753561347723007 [ 39  74 101]
0.11753561347723007 [ 39  74 101]
0.11753561347723007 [ 39  74 101]
0.11753561347723007 [ 39  74 101]
0.10723814368247986 [125 128 128]
0.10723814368247986 [125 128 128]
0.10723814368247986 [125 128 128]
0.10723814368247986 [125 128 128]
0.10723814368247986 [125 128 128]
0.10270356386899948 [ 91  77 128]
0.10270356386899948 [ 91  77 128]
0.10270356386899948 [ 91  77 128]
0.10270356386899948 [ 91  77 128]
0.10270356386899948 [ 91  77 128]
0.10270356386899948 [ 91  77 128]
0.1002511978149414 [128  77 128]
0.1002511978149414 [128  77 128]
0.1002511978149414 [128  77 128]
0.1002511978149414 [128  77 128]
0.1002511978149414 [128  77 128]
0.1002511978149414 [128  77 128]
0.1002511978149414 [128  77 128]
0.1002511978149414 [128  77 128]
0.1002511978149414 [128  77 128]
0.1002511978149414 [128  77 128]
0.1002511978149414 [128  77 128]
0.1002511978149414 [128  77 128]
0.1002511978149414 [128  77 128]
0.1002511978149414 [128  77 128]
0.1002511978149414 [128  77 128]
0.1002511978149414 [128  77 128]
0.1002511978149414 [128  77 128]
0.1002511978149414 [128  77 128]
0.1002511978149414 [128  77 128]
0.1002511978149414 [128  77 128]
0.1002511978149414 [128  77 128]
ACC 0.8973862536302033
