0.9409686326980591 [92 97 79]
0.9409686326980591 [92 97 79]
0.9409686326980591 [92 97 79]
0.9409686326980591 [92 97 79]
0.9236280918121338 [101  91  58]
0.675541877746582 [104  76  62]
0.6245012879371643 [104  98 117]
0.6245012879371643 [104  98 117]
0.6245012879371643 [104  98 117]
0.6245012879371643 [104  98 117]
0.6245012879371643 [104  98 117]
0.6245012879371643 [104  98 117]
0.6245012879371643 [104  98 117]
0.6245012879371643 [104  98 117]
0.6245012879371643 [104  98 117]
0.6245012879371643 [104  98 117]
0.6245012879371643 [104  98 117]
0.6245012879371643 [104  98 117]
0.6245012879371643 [104  98 117]
0.6245012879371643 [104  98 117]
0.6245012879371643 [104  98 117]
0.6245012879371643 [104  98 117]
0.6245012879371643 [104  98 117]
0.6245012879371643 [104  98 117]
0.6245012879371643 [104  98 117]
0.6245012879371643 [104  98 117]
0.6245012879371643 [104  98 117]
0.6245012879371643 [104  98 117]
0.6245012879371643 [104  98 117]
0.6245012879371643 [104  98 117]
0.6245012879371643 [104  98 117]
0.6245012879371643 [104  98 117]
0.6245012879371643 [104  98 117]
0.6245012879371643 [104  98 117]
0.6245012879371643 [104  98 117]
0.6245012879371643 [104  98 117]
0.6245012879371643 [104  98 117]
0.6245012879371643 [104  98 117]
0.6245012879371643 [104  98 117]
0.6245012879371643 [104  98 117]
ACC 0.7731755424063116
