0.2379852533340454
0.2379852533340454
0.2379852533340454
0.2379852533340454
0.2379852533340454
0.2379852533340454
0.2379852533340454
0.2379852533340454
0.2379852533340454
0.2379852533340454
0.2379852533340454
0.2379852533340454
0.2379852533340454
0.2379852533340454
0.2379852533340454
0.2379852533340454
0.2379852533340454
0.2379852533340454
0.2379852533340454
0.2379852533340454
0.2379852533340454
0.2379852533340454
0.2379852533340454
0.23597367107868195
0.23597367107868195
0.23597367107868195
0.23597367107868195
0.23597367107868195
0.23597367107868195
0.21743568778038025
0.21743568778038025
0.21743568778038025
0.21743568778038025
0.21743568778038025
0.20490719377994537
0.20490719377994537
0.20490719377994537
0.20490719377994537
0.20490719377994537
0.20490719377994537
0.8602870813397129
