0.24452458322048187 [ 69  62 108]
0.24452458322048187 [ 69  62 108]
0.24452458322048187 [ 69  62 108]
0.17041924595832825 [ 69  62 108]
0.17041924595832825 [ 69  62 108]
0.17041924595832825 [ 69  62 108]
0.17041924595832825 [ 69  62 108]
0.17041924595832825 [ 69  62 108]
0.17041924595832825 [ 69  62 108]
0.17041924595832825 [ 69  62 108]
0.17041924595832825 [ 69  62 108]
0.17041924595832825 [ 69  62 108]
0.17041924595832825 [ 69  62 108]
0.1545408070087433 [128  57  46]
0.1545408070087433 [128  57  46]
0.1545408070087433 [128  57  46]
0.1545408070087433 [128  57  46]
0.1545408070087433 [128  57  46]
0.1545408070087433 [128  57  46]
0.1545408070087433 [128  57  46]
0.1545408070087433 [128  57  46]
0.1545408070087433 [128  57  46]
0.1545408070087433 [128  57  46]
0.1545408070087433 [128  57  46]
0.1545408070087433 [128  57  46]
0.1545408070087433 [128  57  46]
0.1545408070087433 [128  57  46]
0.1545408070087433 [128  57  46]
0.1545408070087433 [128  57  46]
0.1545408070087433 [128  57  46]
0.1545408070087433 [128  57  46]
0.1545408070087433 [128  57  46]
0.1545408070087433 [128  57  46]
0.1545408070087433 [128  57  46]
0.1545408070087433 [128  57  46]
0.1545408070087433 [128  57  46]
0.1545408070087433 [128  57  46]
0.1545408070087433 [128  57  46]
0.1545408070087433 [128  57  46]
0.1545408070087433 [128  57  46]
ACC 0.889196675900277
