0.26854783296585083 [ 82 115  63]
0.24485309422016144 [ 82 115  63]
0.17537124454975128 [ 84 111  65]
0.17537124454975128 [ 84 111  65]
0.17537124454975128 [ 84 111  65]
0.17537124454975128 [ 84 111  65]
0.17537124454975128 [ 84 111  65]
0.17537124454975128 [ 84 111  65]
0.17537124454975128 [ 84 111  65]
0.17537124454975128 [ 84 111  65]
0.17537124454975128 [ 84 111  65]
0.17537124454975128 [ 84 111  65]
0.17537124454975128 [ 84 111  65]
0.17537124454975128 [ 84 111  65]
0.17537124454975128 [ 84 111  65]
0.17537124454975128 [ 84 111  65]
0.17537124454975128 [ 84 111  65]
0.17537124454975128 [ 84 111  65]
0.17537124454975128 [ 84 111  65]
0.17537124454975128 [ 84 111  65]
0.17537124454975128 [ 84 111  65]
0.17202216386795044 [ 65 128  81]
0.17202216386795044 [ 65 128  81]
0.17202216386795044 [ 65 128  81]
0.17202216386795044 [ 65 128  81]
0.17202216386795044 [ 65 128  81]
0.17202216386795044 [ 65 128  81]
0.17202216386795044 [ 65 128  81]
0.14425207674503326 [ 58 128  65]
0.14425207674503326 [ 58 128  65]
0.14425207674503326 [ 58 128  65]
0.14425207674503326 [ 58 128  65]
0.14425207674503326 [ 58 128  65]
0.14425207674503326 [ 58 128  65]
0.14425207674503326 [ 58 128  65]
0.14425207674503326 [ 58 128  65]
0.14425207674503326 [ 58 128  65]
0.14425207674503326 [ 58 128  65]
0.14425207674503326 [ 58 128  65]
0.14425207674503326 [ 58 128  65]
ACC 0.8873499538319483
