0.9785804748535156
0.918182373046875
0.9062507152557373
0.8890961408615112
0.8890961408615112
0.7563103437423706
0.7563103437423706
0.7563103437423706
0.7563103437423706
0.7563103437423706
0.7563103437423706
0.7563103437423706
0.7563103437423706
0.6627916693687439
0.58242267370224
0.4896196126937866
0.4896196126937866
0.4896196126937866
0.4896196126937866
0.4896196126937866
0.4896196126937866
0.4896196126937866
0.4896196126937866
0.4896196126937866
0.4896196126937866
0.4896196126937866
0.4896196126937866
0.4896196126937866
0.4896196126937866
0.4896196126937866
0.4896196126937866
0.4896196126937866
0.4896196126937866
0.4896196126937866
0.4896196126937866
0.4896196126937866
0.4896196126937866
0.4896196126937866
0.4896196126937866
0.4896196126937866
0.814218009478673
