0.7597813606262207
0.7597813606262207
0.7597813606262207
0.6809861063957214
0.6809861063957214
0.6809861063957214
0.6809861063957214
0.6809861063957214
0.6809861063957214
0.6809861063957214
0.6809861063957214
0.6809861063957214
0.6809861063957214
0.6809861063957214
0.6809861063957214
0.6809861063957214
0.4959745407104492
0.4959745407104492
0.4959745407104492
0.4959745407104492
0.4959745407104492
0.4959745407104492
0.4959745407104492
0.4959745407104492
0.4959745407104492
0.4959745407104492
0.4959745407104492
0.4959745407104492
0.4959745407104492
0.4959745407104492
0.4959745407104492
0.4959745407104492
0.4959745407104492
0.4959745407104492
0.4959745407104492
0.4959745407104492
0.4959745407104492
0.4959745407104492
0.4959745407104492
0.4959745407104492
0.7831558567279767
