0.26988792419433594
0.26988792419433594
0.2554592192173004
0.2554592192173004
0.25248923897743225
0.25248923897743225
0.25248923897743225
0.24766722321510315
0.24766722321510315
0.24766722321510315
0.24766722321510315
0.24766722321510315
0.24766722321510315
0.24483850598335266
0.24483850598335266
0.24483850598335266
0.24153956770896912
0.22268575429916382
0.22268575429916382
0.22268575429916382
0.22268575429916382
0.22268575429916382
0.22268575429916382
0.22268575429916382
0.22268575429916382
0.22268575429916382
0.22268575429916382
0.22268575429916382
0.22268575429916382
0.22268575429916382
0.22268575429916382
0.22268575429916382
0.22268575429916382
0.22268575429916382
0.22268575429916382
0.22268575429916382
0.22268575429916382
0.22268575429916382
0.22268575429916382
0.22268575429916382
0.8507177033492823
