0.19122038781642914
0.19122038781642914
0.1790066361427307
0.1790066361427307
0.1790066361427307
0.1790066361427307
0.1790066361427307
0.1790066361427307
0.1790066361427307
0.1790066361427307
0.1790066361427307
0.1790066361427307
0.16120517253875732
0.16120517253875732
0.16120517253875732
0.16120517253875732
0.16120517253875732
0.16120517253875732
0.16120517253875732
0.16120517253875732
0.16120517253875732
0.152009055018425
0.152009055018425
0.152009055018425
0.152009055018425
0.152009055018425
0.152009055018425
0.152009055018425
0.152009055018425
0.152009055018425
0.152009055018425
0.152009055018425
0.152009055018425
0.152009055018425
0.152009055018425
0.152009055018425
0.152009055018425
0.152009055018425
0.152009055018425
0.152009055018425
0.8789625360230547
