0.6091751456260681
0.6091751456260681
0.6091751456260681
0.6091751456260681
0.6091751456260681
0.6091751456260681
0.6091751456260681
0.6091751456260681
0.6091751456260681
0.6091751456260681
0.6091751456260681
0.6091751456260681
0.6091751456260681
0.6091751456260681
0.6091751456260681
0.6091751456260681
0.6091751456260681
0.6091751456260681
0.6091751456260681
0.6091751456260681
0.6091751456260681
0.6091751456260681
0.6091751456260681
0.6091751456260681
0.6091751456260681
0.5897411704063416
0.5897411704063416
0.5897411704063416
0.5897411704063416
0.5897411704063416
0.5897411704063416
0.5897411704063416
0.5897411704063416
0.5897411704063416
0.5897411704063416
0.5897411704063416
0.5897411704063416
0.5897411704063416
0.5897411704063416
0.5897411704063416
0.7878211227402474
