0.1318942904472351 [ 77 118  65]
0.10809300094842911 [ 39 120  88]
0.10756836086511612 [ 43 104  91]
0.10756836086511612 [ 43 104  91]
0.10297057777643204 [ 28 128 128]
0.10297057777643204 [ 28 128 128]
0.10297057777643204 [ 28 128 128]
0.10297057777643204 [ 28 128 128]
0.10297057777643204 [ 28 128 128]
0.10297057777643204 [ 28 128 128]
0.10297057777643204 [ 28 128 128]
0.09909440577030182 [ 82 112  66]
0.09909440577030182 [ 82 112  66]
0.09909440577030182 [ 82 112  66]
0.09909440577030182 [ 82 112  66]
0.09909440577030182 [ 82 112  66]
0.09909440577030182 [ 82 112  66]
0.09909440577030182 [ 82 112  66]
0.09909440577030182 [ 82 112  66]
0.09909440577030182 [ 82 112  66]
0.09909440577030182 [ 82 112  66]
0.09909440577030182 [ 82 112  66]
0.09909440577030182 [ 82 112  66]
0.09909440577030182 [ 82 112  66]
0.09909440577030182 [ 82 112  66]
0.09909440577030182 [ 82 112  66]
0.09909440577030182 [ 82 112  66]
0.09909440577030182 [ 82 112  66]
0.09909440577030182 [ 82 112  66]
0.09909440577030182 [ 82 112  66]
0.09909440577030182 [ 82 112  66]
0.09909440577030182 [ 82 112  66]
0.09909440577030182 [ 82 112  66]
0.09909440577030182 [ 82 112  66]
0.09909440577030182 [ 82 112  66]
0.09909440577030182 [ 82 112  66]
0.09909440577030182 [ 82 112  66]
0.09909440577030182 [ 82 112  66]
0.09909440577030182 [ 82 112  66]
0.09909440577030182 [ 82 112  66]
ACC 0.906158357771261
