0.20157621800899506 [ 38 100 108]
0.20157621800899506 [ 38 100 108]
0.20157621800899506 [ 38 100 108]
0.20157621800899506 [ 38 100 108]
0.20157621800899506 [ 38 100 108]
0.18186697363853455 [ 38 128 108]
0.18186697363853455 [ 38 128 108]
0.18186697363853455 [ 38 128 108]
0.18186697363853455 [ 38 128 108]
0.18186697363853455 [ 38 128 108]
0.18186697363853455 [ 38 128 108]
0.18186697363853455 [ 38 128 108]
0.18186697363853455 [ 38 128 108]
0.18186697363853455 [ 38 128 108]
0.18186697363853455 [ 38 128 108]
0.18186697363853455 [ 38 128 108]
0.18186697363853455 [ 38 128 108]
0.18186697363853455 [ 38 128 108]
0.18186697363853455 [ 38 128 108]
0.18186697363853455 [ 38 128 108]
0.18186697363853455 [ 38 128 108]
0.1703476458787918 [ 43 128 128]
0.1703476458787918 [ 43 128 128]
0.16582249104976654 [ 42 128 127]
0.16582249104976654 [ 42 128 127]
0.16582249104976654 [ 42 128 127]
0.16582249104976654 [ 42 128 127]
0.16582249104976654 [ 42 128 127]
0.16582249104976654 [ 42 128 127]
0.16582249104976654 [ 42 128 127]
0.16582249104976654 [ 42 128 127]
0.16582249104976654 [ 42 128 127]
0.16582249104976654 [ 42 128 127]
0.16582249104976654 [ 42 128 127]
0.16582249104976654 [ 42 128 127]
0.16582249104976654 [ 42 128 127]
0.16582249104976654 [ 42 128 127]
0.16582249104976654 [ 42 128 127]
0.16582249104976654 [ 42 128 127]
0.16582249104976654 [ 42 128 127]
ACC 0.8306374881065651
