0.8542724847793579
0.8542724847793579
0.8542724847793579
0.8199511170387268
0.8199511170387268
0.7008972764015198
0.7008972764015198
0.7008972764015198
0.7008972764015198
0.7008972764015198
0.7008972764015198
0.7008972764015198
0.7008972764015198
0.7008972764015198
0.7008972764015198
0.7008972764015198
0.7008972764015198
0.7008972764015198
0.7008972764015198
0.7008972764015198
0.7008972764015198
0.7008972764015198
0.7008972764015198
0.7008972764015198
0.7008972764015198
0.7008972764015198
0.7008972764015198
0.7008972764015198
0.7008972764015198
0.7008972764015198
0.7008972764015198
0.7008972764015198
0.7008972764015198
0.7008972764015198
0.7008972764015198
0.7008972764015198
0.7008972764015198
0.7008972764015198
0.7008972764015198
0.7008972764015198
0.7850098619329389
