0.18744607269763947 [68 73 80]
0.1725337654352188 [76 90 73]
0.1725337654352188 [76 90 73]
0.1725337654352188 [76 90 73]
0.1725337654352188 [76 90 73]
0.1725337654352188 [76 90 73]
0.1725337654352188 [76 90 73]
0.16621659696102142 [ 70 128 118]
0.16621659696102142 [ 70 128 118]
0.16621659696102142 [ 70 128 118]
0.16621659696102142 [ 70 128 118]
0.16621659696102142 [ 70 128 118]
0.16509686410427094 [ 73  91 128]
0.15454494953155518 [128 128 128]
0.15454494953155518 [128 128 128]
0.15454494953155518 [128 128 128]
0.13007210195064545 [ 90 126 110]
0.13007210195064545 [ 90 126 110]
0.13007210195064545 [ 90 126 110]
0.13007210195064545 [ 90 126 110]
0.13007210195064545 [ 90 126 110]
0.13007210195064545 [ 90 126 110]
0.13007210195064545 [ 90 126 110]
0.13007210195064545 [ 90 126 110]
0.13007210195064545 [ 90 126 110]
0.13007210195064545 [ 90 126 110]
0.13007210195064545 [ 90 126 110]
0.13007210195064545 [ 90 126 110]
0.13007210195064545 [ 90 126 110]
0.13007210195064545 [ 90 126 110]
0.13007210195064545 [ 90 126 110]
0.13007210195064545 [ 90 126 110]
0.13007210195064545 [ 90 126 110]
0.13007210195064545 [ 90 126 110]
0.13007210195064545 [ 90 126 110]
0.13007210195064545 [ 90 126 110]
0.13007210195064545 [ 90 126 110]
0.13007210195064545 [ 90 126 110]
0.13007210195064545 [ 90 126 110]
0.13007210195064545 [ 90 126 110]
ACC 0.8983903420523138
