1.050614595413208
0.8513110280036926
0.8513110280036926
0.8513110280036926
0.8513110280036926
0.7841758131980896
0.7841758131980896
0.7841758131980896
0.7841758131980896
0.7841758131980896
0.7841758131980896
0.7841758131980896
0.7841758131980896
0.7841758131980896
0.7841758131980896
0.7841758131980896
0.7841758131980896
0.7841758131980896
0.7841758131980896
0.7841758131980896
0.7841758131980896
0.7841758131980896
0.7841758131980896
0.7841758131980896
0.7841758131980896
0.6994299292564392
0.6994299292564392
0.6994299292564392
0.6994299292564392
0.6994299292564392
0.6994299292564392
0.6994299292564392
0.6994299292564392
0.6994299292564392
0.6994299292564392
0.6994299292564392
0.6994299292564392
0.6805289387702942
0.6805289387702942
0.6805289387702942
0.7440758293838863
