0.1507444679737091
0.1507444679737091
0.12358430027961731
0.12358430027961731
0.12358430027961731
0.12358430027961731
0.12358430027961731
0.12358430027961731
0.12358430027961731
0.11249221116304398
0.11249221116304398
0.11249221116304398
0.11249221116304398
0.11249221116304398
0.11249221116304398
0.11249221116304398
0.11249221116304398
0.11249221116304398
0.11249221116304398
0.11249221116304398
0.11249221116304398
0.09786257147789001
0.09786257147789001
0.09786257147789001
0.09786257147789001
0.09786257147789001
0.09786257147789001
0.09692542254924774
0.09692542254924774
0.09692542254924774
0.09692542254924774
0.09692542254924774
0.09692542254924774
0.09692542254924774
0.09692542254924774
0.09213528037071228
0.09213528037071228
0.09213528037071228
0.09213528037071228
0.09213528037071228
0.9141221374045801
