0.22640784084796906 [ 65 109 108]
0.22630830109119415 [ 66 115 120]
0.22630830109119415 [ 66 115 120]
0.22630830109119415 [ 66 115 120]
0.22630830109119415 [ 66 115 120]
0.20940250158309937 [128  87 104]
0.20940250158309937 [128  87 104]
0.20940250158309937 [128  87 104]
0.20940250158309937 [128  87 104]
0.2058359533548355 [ 73 110 128]
0.2058359533548355 [ 73 110 128]
0.18970893323421478 [ 73 110 128]
0.18970893323421478 [ 73 110 128]
0.18970893323421478 [ 73 110 128]
0.18970893323421478 [ 73 110 128]
0.18970893323421478 [ 73 110 128]
0.18970893323421478 [ 73 110 128]
0.18970893323421478 [ 73 110 128]
0.18970893323421478 [ 73 110 128]
0.18970893323421478 [ 73 110 128]
0.18970893323421478 [ 73 110 128]
0.18970893323421478 [ 73 110 128]
0.18970893323421478 [ 73 110 128]
0.18970893323421478 [ 73 110 128]
0.18970893323421478 [ 73 110 128]
0.18970893323421478 [ 73 110 128]
0.18970893323421478 [ 73 110 128]
0.18970893323421478 [ 73 110 128]
0.18970893323421478 [ 73 110 128]
0.18970893323421478 [ 73 110 128]
0.18970893323421478 [ 73 110 128]
0.18970893323421478 [ 73 110 128]
0.18970893323421478 [ 73 110 128]
0.18970893323421478 [ 73 110 128]
0.18970893323421478 [ 73 110 128]
0.18970893323421478 [ 73 110 128]
0.18970893323421478 [ 73 110 128]
0.18970893323421478 [ 73 110 128]
0.18970893323421478 [ 73 110 128]
0.18970893323421478 [ 73 110 128]
ACC 0.8489835430784124
