0.24108199775218964
0.19321176409721375
0.19321176409721375
0.19321176409721375
0.18766772747039795
0.17568431794643402
0.17568431794643402
0.17568431794643402
0.17568431794643402
0.17568431794643402
0.17568431794643402
0.1717849224805832
0.1717849224805832
0.1717849224805832
0.1717849224805832
0.14984193444252014
0.14984193444252014
0.14984193444252014
0.14984193444252014
0.14984193444252014
0.14984193444252014
0.14984193444252014
0.14984193444252014
0.14984193444252014
0.14984193444252014
0.14984193444252014
0.14984193444252014
0.14984193444252014
0.14984193444252014
0.14984193444252014
0.14984193444252014
0.14984193444252014
0.14984193444252014
0.14984193444252014
0.14984193444252014
0.14984193444252014
0.14984193444252014
0.14984193444252014
0.14984193444252014
0.14984193444252014
0.885308056872038
