0.12048347294330597
0.12048347294330597
0.09601390361785889
0.09601390361785889
0.09601390361785889
0.09601390361785889
0.09601390361785889
0.09601390361785889
0.09601390361785889
0.09601390361785889
0.08620650321245193
0.08620650321245193
0.08620650321245193
0.08620650321245193
0.08620650321245193
0.08620650321245193
0.08620650321245193
0.08620650321245193
0.08620650321245193
0.08620650321245193
0.08620650321245193
0.08620650321245193
0.08620650321245193
0.08620650321245193
0.08620650321245193
0.08620650321245193
0.08620650321245193
0.08620650321245193
0.08620650321245193
0.08620650321245193
0.08620650321245193
0.08620650321245193
0.08620650321245193
0.08620650321245193
0.08620650321245193
0.08620650321245193
0.08620650321245193
0.08620650321245193
0.08620650321245193
0.08620650321245193
0.9090047393364928
