0.21354587376117706
0.17894455790519714
0.1701587438583374
0.15457428991794586
0.15457428991794586
0.15457428991794586
0.15457428991794586
0.15457428991794586
0.15457428991794586
0.15457428991794586
0.15457428991794586
0.15457428991794586
0.1503482311964035
0.1503482311964035
0.1503482311964035
0.15034590661525726
0.15034590661525726
0.15034590661525726
0.15034590661525726
0.15034590661525726
0.15034590661525726
0.15034590661525726
0.15034590661525726
0.15034590661525726
0.15034590661525726
0.15034590661525726
0.15034590661525726
0.15034590661525726
0.15034590661525726
0.15034590661525726
0.15034590661525726
0.15034590661525726
0.15034590661525726
0.15034590661525726
0.15034590661525726
0.13182368874549866
0.13182368874549866
0.13182368874549866
0.13182368874549866
0.13182368874549866
0.8976076555023923
