0.8747031688690186 [ 74 110 115]
0.8747031688690186 [ 74 110 115]
0.8747031688690186 [ 74 110 115]
0.8747031688690186 [ 74 110 115]
0.8747031688690186 [ 74 110 115]
0.8747031688690186 [ 74 110 115]
0.801666796207428 [ 82 128  59]
0.801666796207428 [ 82 128  59]
0.801666796207428 [ 82 128  59]
0.801666796207428 [ 82 128  59]
0.801666796207428 [ 82 128  59]
0.801666796207428 [ 82 128  59]
0.7777712345123291 [110 101  64]
0.7777712345123291 [110 101  64]
0.7777712345123291 [110 101  64]
0.7777712345123291 [110 101  64]
0.7777712345123291 [110 101  64]
0.7777712345123291 [110 101  64]
0.7777712345123291 [110 101  64]
0.7777712345123291 [110 101  64]
0.7777712345123291 [110 101  64]
0.7777712345123291 [110 101  64]
0.7777712345123291 [110 101  64]
0.7777712345123291 [110 101  64]
0.7777712345123291 [110 101  64]
0.7601550221443176 [124  42 128]
0.7601550221443176 [124  42 128]
0.7601550221443176 [124  42 128]
0.7601550221443176 [124  42 128]
0.7601550221443176 [124  42 128]
0.7601550221443176 [124  42 128]
0.7601550221443176 [124  42 128]
0.7601550221443176 [124  42 128]
0.7601550221443176 [124  42 128]
0.7601550221443176 [124  42 128]
0.7601550221443176 [124  42 128]
0.7601550221443176 [124  42 128]
0.6662176251411438 [51 62 98]
0.6662176251411438 [51 62 98]
0.6662176251411438 [51 62 98]
ACC 0.7554240631163708
