0.8326514959335327 [126  89  56]
0.8326514959335327 [126  89  56]
0.8171886801719666 [ 66  90 100]
0.8171886801719666 [ 66  90 100]
0.8171886801719666 [ 66  90 100]
0.8125592470169067 [100 128  51]
0.8125592470169067 [100 128  51]
0.7478492856025696 [122  41  96]
0.7478492856025696 [122  41  96]
0.7478492856025696 [122  41  96]
0.5518778562545776 [102  68  44]
0.5518778562545776 [102  68  44]
0.5518778562545776 [102  68  44]
0.5518778562545776 [102  68  44]
0.5518778562545776 [102  68  44]
0.5518778562545776 [102  68  44]
0.5518778562545776 [102  68  44]
0.5518778562545776 [102  68  44]
0.5518778562545776 [102  68  44]
0.5518778562545776 [102  68  44]
0.5518778562545776 [102  68  44]
0.5518778562545776 [102  68  44]
0.5518778562545776 [102  68  44]
0.5518778562545776 [102  68  44]
0.5518778562545776 [102  68  44]
0.5518778562545776 [102  68  44]
0.5518778562545776 [102  68  44]
0.5518778562545776 [102  68  44]
0.5518778562545776 [102  68  44]
0.5518778562545776 [102  68  44]
0.5518778562545776 [102  68  44]
0.5518778562545776 [102  68  44]
0.5518778562545776 [102  68  44]
0.5518778562545776 [102  68  44]
0.5518778562545776 [102  68  44]
0.5518778562545776 [102  68  44]
0.5518778562545776 [102  68  44]
0.5518778562545776 [102  68  44]
0.5518778562545776 [102  68  44]
0.5518778562545776 [102  68  44]
ACC 0.789738430583501
