0.24860550463199615 [94 65 11]
0.22464582324028015 [ 31 108 120]
0.22464582324028015 [ 31 108 120]
0.22464582324028015 [ 31 108 120]
0.21261180937290192 [126 116  29]
0.21261180937290192 [126 116  29]
0.19815751910209656 [ 91 127 128]
0.19815751910209656 [ 91 127 128]
0.19815751910209656 [ 91 127 128]
0.19815751910209656 [ 91 127 128]
0.1821427047252655 [ 55 128 101]
0.1821427047252655 [ 55 128 101]
0.1821427047252655 [ 55 128 101]
0.1821427047252655 [ 55 128 101]
0.1821427047252655 [ 55 128 101]
0.17333342134952545 [46 76 96]
0.17333342134952545 [46 76 96]
0.17333342134952545 [46 76 96]
0.17333342134952545 [46 76 96]
0.17333342134952545 [46 76 96]
0.17333342134952545 [46 76 96]
0.17333342134952545 [46 76 96]
0.17333342134952545 [46 76 96]
0.17333342134952545 [46 76 96]
0.17333342134952545 [46 76 96]
0.17333342134952545 [46 76 96]
0.17333342134952545 [46 76 96]
0.17333342134952545 [46 76 96]
0.17333342134952545 [46 76 96]
0.17333342134952545 [46 76 96]
0.17333342134952545 [46 76 96]
0.17333342134952545 [46 76 96]
0.17333342134952545 [46 76 96]
0.17333342134952545 [46 76 96]
0.17333342134952545 [46 76 96]
0.17333342134952545 [46 76 96]
0.17333342134952545 [46 76 96]
0.17333342134952545 [46 76 96]
0.17333342134952545 [46 76 96]
0.17333342134952545 [46 76 96]
ACC 0.8606001936108422
