0.33868616819381714 [35 35 89]
0.2762928903102875 [113  87  39]
0.2762928903102875 [113  87  39]
0.2555859088897705 [ 59  85 128]
0.2555859088897705 [ 59  85 128]
0.2506270706653595 [ 59  85 128]
0.2506270706653595 [ 59  85 128]
0.2506270706653595 [ 59  85 128]
0.24095764756202698 [ 59 128 128]
0.24095764756202698 [ 59 128 128]
0.24095764756202698 [ 59 128 128]
0.23309653997421265 [ 59 128 128]
0.23309653997421265 [ 59 128 128]
0.23309653997421265 [ 59 128 128]
0.23309653997421265 [ 59 128 128]
0.23309653997421265 [ 59 128 128]
0.23309653997421265 [ 59 128 128]
0.23309653997421265 [ 59 128 128]
0.23309653997421265 [ 59 128 128]
0.23309653997421265 [ 59 128 128]
0.23309653997421265 [ 59 128 128]
0.23309653997421265 [ 59 128 128]
0.23309653997421265 [ 59 128 128]
0.23309653997421265 [ 59 128 128]
0.23309653997421265 [ 59 128 128]
0.23309653997421265 [ 59 128 128]
0.23309653997421265 [ 59 128 128]
0.23309653997421265 [ 59 128 128]
0.23309653997421265 [ 59 128 128]
0.23309653997421265 [ 59 128 128]
0.23309653997421265 [ 59 128 128]
0.23309653997421265 [ 59 128 128]
0.23309653997421265 [ 59 128 128]
0.22463198006153107 [128  29  56]
0.22463198006153107 [128  29  56]
0.22463198006153107 [128  29  56]
0.22463198006153107 [128  29  56]
0.22463198006153107 [128  29  56]
0.22463198006153107 [128  29  56]
0.22463198006153107 [128  29  56]
ACC 0.8451676528599605
