0.16063269972801208 [ 74 123  19]
0.11001457273960114 [ 21 114 128]
0.11001457273960114 [ 21 114 128]
0.07276475429534912 [ 59 124 121]
0.07276475429534912 [ 59 124 121]
0.07276475429534912 [ 59 124 121]
0.07276475429534912 [ 59 124 121]
0.07276475429534912 [ 59 124 121]
0.07276475429534912 [ 59 124 121]
0.07276475429534912 [ 59 124 121]
0.07276475429534912 [ 59 124 121]
0.07276475429534912 [ 59 124 121]
0.07276475429534912 [ 59 124 121]
0.07276475429534912 [ 59 124 121]
0.07276475429534912 [ 59 124 121]
0.07276475429534912 [ 59 124 121]
0.07276475429534912 [ 59 124 121]
0.07276475429534912 [ 59 124 121]
0.07276475429534912 [ 59 124 121]
0.07276475429534912 [ 59 124 121]
0.07276475429534912 [ 59 124 121]
0.07276475429534912 [ 59 124 121]
0.07276475429534912 [ 59 124 121]
0.07276475429534912 [ 59 124 121]
0.07276475429534912 [ 59 124 121]
0.07276475429534912 [ 59 124 121]
0.07276475429534912 [ 59 124 121]
0.07276475429534912 [ 59 124 121]
0.06943786889314651 [ 78 128  94]
0.06943786889314651 [ 78 128  94]
0.06943786889314651 [ 78 128  94]
0.06943786889314651 [ 78 128  94]
0.06943786889314651 [ 78 128  94]
0.06943786889314651 [ 78 128  94]
0.06943786889314651 [ 78 128  94]
0.06943786889314651 [ 78 128  94]
0.06943786889314651 [ 78 128  94]
0.06943786889314651 [ 78 128  94]
0.06943786889314651 [ 78 128  94]
0.06943786889314651 [ 78 128  94]
ACC 0.9154929577464789
