0.25910601019859314
0.25910601019859314
0.25910601019859314
0.25910601019859314
0.25910601019859314
0.25910601019859314
0.25910601019859314
0.25758644938468933
0.25758644938468933
0.25758644938468933
0.25758644938468933
0.25758644938468933
0.2546505331993103
0.2546505331993103
0.2546505331993103
0.2546505331993103
0.2546505331993103
0.2546505331993103
0.2152930647134781
0.2152930647134781
0.2152930647134781
0.2152930647134781
0.2152930647134781
0.2152930647134781
0.2152930647134781
0.2152930647134781
0.2152930647134781
0.2152930647134781
0.2152930647134781
0.2152930647134781
0.2152930647134781
0.2152930647134781
0.2152930647134781
0.2152930647134781
0.2152930647134781
0.2152930647134781
0.2152930647134781
0.2152930647134781
0.2152930647134781
0.2152930647134781
0.8395773294908742
