0.16169333457946777
0.16169333457946777
0.1587887853384018
0.15611815452575684
0.15611815452575684
0.15611815452575684
0.15611815452575684
0.15611815452575684
0.14179959893226624
0.13659486174583435
0.13659486174583435
0.12525200843811035
0.12525200843811035
0.12525200843811035
0.12525200843811035
0.12525200843811035
0.12525200843811035
0.12525200843811035
0.0897790789604187
0.08787769824266434
0.08787769824266434
0.08787769824266434
0.08787769824266434
0.08787769824266434
0.08787769824266434
0.08787769824266434
0.08787769824266434
0.08787769824266434
0.08787769824266434
0.08787769824266434
0.08787769824266434
0.08787769824266434
0.08787769824266434
0.08787769824266434
0.08787769824266434
0.08787769824266434
0.08787769824266434
0.08787769824266434
0.08787769824266434
0.08787769824266434
0.8734995383194829
