0.2308308333158493
0.15488065779209137
0.15488065779209137
0.15488065779209137
0.15488065779209137
0.15488065779209137
0.15488065779209137
0.15488065779209137
0.15488065779209137
0.15488065779209137
0.15488065779209137
0.15488065779209137
0.15488065779209137
0.15488065779209137
0.15488065779209137
0.15488065779209137
0.15488065779209137
0.15343715250492096
0.15343715250492096
0.14789873361587524
0.14789873361587524
0.12886729836463928
0.12886729836463928
0.12886729836463928
0.12886729836463928
0.12886729836463928
0.12886729836463928
0.12886729836463928
0.12886729836463928
0.12886729836463928
0.12886729836463928
0.12886729836463928
0.12886729836463928
0.12886729836463928
0.12886729836463928
0.12886729836463928
0.12886729836463928
0.12886729836463928
0.12886729836463928
0.12886729836463928
0.8655139289145053
