0.6784695982933044
0.6784695982933044
0.6784695982933044
0.6784695982933044
0.6784695982933044
0.6784695982933044
0.6784695982933044
0.5617141723632812
0.5617141723632812
0.5617141723632812
0.5617141723632812
0.5617141723632812
0.5617141723632812
0.5617141723632812
0.5617141723632812
0.5617141723632812
0.5617141723632812
0.5617141723632812
0.5617141723632812
0.5617141723632812
0.5617141723632812
0.5617141723632812
0.5617141723632812
0.5617141723632812
0.5617141723632812
0.5617141723632812
0.5617141723632812
0.5617141723632812
0.5617141723632812
0.5617141723632812
0.5617141723632812
0.5617141723632812
0.5617141723632812
0.5617141723632812
0.5617141723632812
0.5617141723632812
0.5617141723632812
0.5617141723632812
0.5617141723632812
0.5617141723632812
0.8060941828254847
