0.1869083046913147
0.18178460001945496
0.16956113278865814
0.16956113278865814
0.16956113278865814
0.14131958782672882
0.14131958782672882
0.14131958782672882
0.14131958782672882
0.14131958782672882
0.14131958782672882
0.14131958782672882
0.14131958782672882
0.14131958782672882
0.14131958782672882
0.14131958782672882
0.14131958782672882
0.14131958782672882
0.14131958782672882
0.14131958782672882
0.14131958782672882
0.14131958782672882
0.14131958782672882
0.14131958782672882
0.14131958782672882
0.14131958782672882
0.14131958782672882
0.14131958782672882
0.14131958782672882
0.14131958782672882
0.14131958782672882
0.14131958782672882
0.14131958782672882
0.14131958782672882
0.14131958782672882
0.14131958782672882
0.14131958782672882
0.14131958782672882
0.14131958782672882
0.14131958782672882
0.8824057450628366
