0.23629237711429596 [83 86 73]
0.18914252519607544 [ 56 116 128]
0.168046772480011 [116  36  66]
0.168046772480011 [116  36  66]
0.168046772480011 [116  36  66]
0.168046772480011 [116  36  66]
0.168046772480011 [116  36  66]
0.168046772480011 [116  36  66]
0.168046772480011 [116  36  66]
0.168046772480011 [116  36  66]
0.168046772480011 [116  36  66]
0.168046772480011 [116  36  66]
0.168046772480011 [116  36  66]
0.168046772480011 [116  36  66]
0.168046772480011 [116  36  66]
0.168046772480011 [116  36  66]
0.168046772480011 [116  36  66]
0.1668519228696823 [ 39 128  61]
0.1668519228696823 [ 39 128  61]
0.1627199798822403 [ 66 128 128]
0.1627199798822403 [ 66 128 128]
0.1627199798822403 [ 66 128 128]
0.1627199798822403 [ 66 128 128]
0.1627199798822403 [ 66 128 128]
0.1627199798822403 [ 66 128 128]
0.1627199798822403 [ 66 128 128]
0.1627199798822403 [ 66 128 128]
0.1627199798822403 [ 66 128 128]
0.1627199798822403 [ 66 128 128]
0.1627199798822403 [ 66 128 128]
0.1627199798822403 [ 66 128 128]
0.1627199798822403 [ 66 128 128]
0.1627199798822403 [ 66 128 128]
0.1627199798822403 [ 66 128 128]
0.1627199798822403 [ 66 128 128]
0.1627199798822403 [ 66 128 128]
0.1627199798822403 [ 66 128 128]
0.1627199798822403 [ 66 128 128]
0.1627199798822403 [ 66 128 128]
0.1627199798822403 [ 66 128 128]
ACC 0.8559160305343512
