0.9434313774108887 [ 73 103  57]
0.9434313774108887 [ 73 103  57]
0.7518188953399658 [75 65 56]
0.7518188953399658 [75 65 56]
0.7518188953399658 [75 65 56]
0.7518188953399658 [75 65 56]
0.7518188953399658 [75 65 56]
0.7518188953399658 [75 65 56]
0.6629325747489929 [ 91 101  44]
0.6629325747489929 [ 91 101  44]
0.6629325747489929 [ 91 101  44]
0.6629325747489929 [ 91 101  44]
0.6629325747489929 [ 91 101  44]
0.6629325747489929 [ 91 101  44]
0.6582949161529541 [ 87  61 126]
0.6582949161529541 [ 87  61 126]
0.6582949161529541 [ 87  61 126]
0.6582949161529541 [ 87  61 126]
0.6582949161529541 [ 87  61 126]
0.6582949161529541 [ 87  61 126]
0.6582949161529541 [ 87  61 126]
0.6582949161529541 [ 87  61 126]
0.6582949161529541 [ 87  61 126]
0.6582949161529541 [ 87  61 126]
0.6582949161529541 [ 87  61 126]
0.6582949161529541 [ 87  61 126]
0.6582949161529541 [ 87  61 126]
0.6582949161529541 [ 87  61 126]
0.6038970947265625 [ 49  92 122]
0.6038970947265625 [ 49  92 122]
0.6038970947265625 [ 49  92 122]
0.6038970947265625 [ 49  92 122]
0.6038970947265625 [ 49  92 122]
0.6038970947265625 [ 49  92 122]
0.6038970947265625 [ 49  92 122]
0.6038970947265625 [ 49  92 122]
0.6038970947265625 [ 49  92 122]
0.6038970947265625 [ 49  92 122]
0.6038970947265625 [ 49  92 122]
0.6038970947265625 [ 49  92 122]
ACC 0.7645875251509054
