0.23360025882720947 [ 37  80 127]
0.17250466346740723 [123 104  61]
0.17250466346740723 [123 104  61]
0.17250466346740723 [123 104  61]
0.17250466346740723 [123 104  61]
0.17250466346740723 [123 104  61]
0.17250466346740723 [123 104  61]
0.17250466346740723 [123 104  61]
0.17250466346740723 [123 104  61]
0.17250466346740723 [123 104  61]
0.17250466346740723 [123 104  61]
0.17250466346740723 [123 104  61]
0.17250466346740723 [123 104  61]
0.17250466346740723 [123 104  61]
0.17250466346740723 [123 104  61]
0.17250466346740723 [123 104  61]
0.17250466346740723 [123 104  61]
0.11493420600891113 [ 66 128 106]
0.11493420600891113 [ 66 128 106]
0.11493420600891113 [ 66 128 106]
0.11493420600891113 [ 66 128 106]
0.11493420600891113 [ 66 128 106]
0.11493420600891113 [ 66 128 106]
0.11493420600891113 [ 66 128 106]
0.11493420600891113 [ 66 128 106]
0.11493420600891113 [ 66 128 106]
0.11493420600891113 [ 66 128 106]
0.11493420600891113 [ 66 128 106]
0.11493420600891113 [ 66 128 106]
0.11493420600891113 [ 66 128 106]
0.11493420600891113 [ 66 128 106]
0.11493420600891113 [ 66 128 106]
0.11493420600891113 [ 66 128 106]
0.11493420600891113 [ 66 128 106]
0.11493420600891113 [ 66 128 106]
0.11493420600891113 [ 66 128 106]
0.11493420600891113 [ 66 128 106]
0.11493420600891113 [ 66 128 106]
0.11493420600891113 [ 66 128 106]
0.11493420600891113 [ 66 128 106]
ACC 0.896519285042333
