0.18159687519073486 [ 37 119  33]
0.15896821022033691 [ 37 119  33]
0.15896821022033691 [ 37 119  33]
0.12600930035114288 [128  89  98]
0.12600930035114288 [128  89  98]
0.12600930035114288 [128  89  98]
0.12600930035114288 [128  89  98]
0.12600930035114288 [128  89  98]
0.12600930035114288 [128  89  98]
0.12600930035114288 [128  89  98]
0.12600930035114288 [128  89  98]
0.12600930035114288 [128  89  98]
0.12600930035114288 [128  89  98]
0.12600930035114288 [128  89  98]
0.12600930035114288 [128  89  98]
0.12600930035114288 [128  89  98]
0.12600930035114288 [128  89  98]
0.12600930035114288 [128  89  98]
0.12600930035114288 [128  89  98]
0.12600930035114288 [128  89  98]
0.12600930035114288 [128  89  98]
0.12600930035114288 [128  89  98]
0.0840984508395195 [ 73 128  68]
0.0840984508395195 [ 73 128  68]
0.0840984508395195 [ 73 128  68]
0.0840984508395195 [ 73 128  68]
0.0840984508395195 [ 73 128  68]
0.0840984508395195 [ 73 128  68]
0.0840984508395195 [ 73 128  68]
0.0840984508395195 [ 73 128  68]
0.0840984508395195 [ 73 128  68]
0.0840984508395195 [ 73 128  68]
0.0840984508395195 [ 73 128  68]
0.0840984508395195 [ 73 128  68]
0.0840984508395195 [ 73 128  68]
0.0840984508395195 [ 73 128  68]
0.0840984508395195 [ 73 128  68]
0.0840984508395195 [ 73 128  68]
0.0840984508395195 [ 73 128  68]
0.0840984508395195 [ 73 128  68]
ACC 0.9141274238227147
