0.2609664797782898 [ 42 116  34]
0.2609664797782898 [ 42 116  34]
0.2434125691652298 [46 71 36]
0.2434125691652298 [46 71 36]
0.2434125691652298 [46 71 36]
0.2434125691652298 [46 71 36]
0.19117343425750732 [ 70 108 107]
0.19117343425750732 [ 70 108 107]
0.19117343425750732 [ 70 108 107]
0.19117343425750732 [ 70 108 107]
0.19117343425750732 [ 70 108 107]
0.19117343425750732 [ 70 108 107]
0.19117343425750732 [ 70 108 107]
0.19117343425750732 [ 70 108 107]
0.19117343425750732 [ 70 108 107]
0.19117343425750732 [ 70 108 107]
0.19117343425750732 [ 70 108 107]
0.19117343425750732 [ 70 108 107]
0.19117343425750732 [ 70 108 107]
0.19117343425750732 [ 70 108 107]
0.19117343425750732 [ 70 108 107]
0.19117343425750732 [ 70 108 107]
0.19117343425750732 [ 70 108 107]
0.19117343425750732 [ 70 108 107]
0.19117343425750732 [ 70 108 107]
0.19117343425750732 [ 70 108 107]
0.19117343425750732 [ 70 108 107]
0.19117343425750732 [ 70 108 107]
0.19117343425750732 [ 70 108 107]
0.19117343425750732 [ 70 108 107]
0.19117343425750732 [ 70 108 107]
0.19117343425750732 [ 70 108 107]
0.19117343425750732 [ 70 108 107]
0.19117343425750732 [ 70 108 107]
0.19117343425750732 [ 70 108 107]
0.19117343425750732 [ 70 108 107]
0.19117343425750732 [ 70 108 107]
0.19117343425750732 [ 70 108 107]
0.19117343425750732 [ 70 108 107]
0.19117343425750732 [ 70 108 107]
ACC 0.8698564593301435
