0.5593763589859009 [106 118  82]
0.5593763589859009 [106 118  82]
0.5593763589859009 [106 118  82]
0.5593763589859009 [106 118  82]
0.5593763589859009 [106 118  82]
0.5593763589859009 [106 118  82]
0.5593763589859009 [106 118  82]
0.5593763589859009 [106 118  82]
0.5593763589859009 [106 118  82]
0.5593763589859009 [106 118  82]
0.5593763589859009 [106 118  82]
0.5593763589859009 [106 118  82]
0.48453477025032043 [100 102  77]
0.48453477025032043 [100 102  77]
0.48453477025032043 [100 102  77]
0.48453477025032043 [100 102  77]
0.48453477025032043 [100 102  77]
0.48453477025032043 [100 102  77]
0.48453477025032043 [100 102  77]
0.48453477025032043 [100 102  77]
0.48453477025032043 [100 102  77]
0.48453477025032043 [100 102  77]
0.48453477025032043 [100 102  77]
0.48453477025032043 [100 102  77]
0.48453477025032043 [100 102  77]
0.48453477025032043 [100 102  77]
0.48453477025032043 [100 102  77]
0.48453477025032043 [100 102  77]
0.48453477025032043 [100 102  77]
0.48453477025032043 [100 102  77]
0.48453477025032043 [100 102  77]
0.48453477025032043 [100 102  77]
0.48453477025032043 [100 102  77]
0.48453477025032043 [100 102  77]
0.48453477025032043 [100 102  77]
0.48453477025032043 [100 102  77]
0.48453477025032043 [100 102  77]
0.48453477025032043 [100 102  77]
0.48453477025032043 [100 102  77]
0.48453477025032043 [100 102  77]
ACC 0.8015267175572519
