0.1922621726989746 [101  99   7]
0.14221219718456268 [124  73  67]
0.129847913980484 [109  87  45]
0.1017850786447525 [63 63 90]
0.1017850786447525 [63 63 90]
0.1017850786447525 [63 63 90]
0.1017850786447525 [63 63 90]
0.1017850786447525 [63 63 90]
0.1017850786447525 [63 63 90]
0.1017850786447525 [63 63 90]
0.1017850786447525 [63 63 90]
0.1017850786447525 [63 63 90]
0.09528796374797821 [ 77  53 128]
0.09528796374797821 [ 77  53 128]
0.09528796374797821 [ 77  53 128]
0.09528796374797821 [ 77  53 128]
0.09528796374797821 [ 77  53 128]
0.09528796374797821 [ 77  53 128]
0.09528796374797821 [ 77  53 128]
0.09528796374797821 [ 77  53 128]
0.09528796374797821 [ 77  53 128]
0.09528796374797821 [ 77  53 128]
0.09528796374797821 [ 77  53 128]
0.09528796374797821 [ 77  53 128]
0.09528796374797821 [ 77  53 128]
0.09528796374797821 [ 77  53 128]
0.09528796374797821 [ 77  53 128]
0.09528796374797821 [ 77  53 128]
0.09528796374797821 [ 77  53 128]
0.09528796374797821 [ 77  53 128]
0.09528796374797821 [ 77  53 128]
0.09528796374797821 [ 77  53 128]
0.09512989223003387 [128  92  90]
0.09512989223003387 [128  92  90]
0.09512989223003387 [128  92  90]
0.09512989223003387 [128  92  90]
0.09512989223003387 [128  92  90]
0.09512989223003387 [128  92  90]
0.09512989223003387 [128  92  90]
0.09512989223003387 [128  92  90]
ACC 0.9068673565380997
