0.8198031187057495 [121  98  77]
0.7761553525924683 [73 96 74]
0.7761553525924683 [73 96 74]
0.7761553525924683 [73 96 74]
0.675598680973053 [107  98  82]
0.675598680973053 [107  98  82]
0.675598680973053 [107  98  82]
0.6486747860908508 [ 41  66 107]
0.6486747860908508 [ 41  66 107]
0.6486747860908508 [ 41  66 107]
0.6486747860908508 [ 41  66 107]
0.6486747860908508 [ 41  66 107]
0.6486747860908508 [ 41  66 107]
0.6486747860908508 [ 41  66 107]
0.6486747860908508 [ 41  66 107]
0.6486747860908508 [ 41  66 107]
0.6486747860908508 [ 41  66 107]
0.6486747860908508 [ 41  66 107]
0.6486747860908508 [ 41  66 107]
0.6331316232681274 [128  98 128]
0.6331316232681274 [128  98 128]
0.6331316232681274 [128  98 128]
0.6331316232681274 [128  98 128]
0.6331316232681274 [128  98 128]
0.6331316232681274 [128  98 128]
0.6331316232681274 [128  98 128]
0.6331316232681274 [128  98 128]
0.6331316232681274 [128  98 128]
0.6331316232681274 [128  98 128]
0.6331316232681274 [128  98 128]
0.6331316232681274 [128  98 128]
0.6331316232681274 [128  98 128]
0.6331316232681274 [128  98 128]
0.6331316232681274 [128  98 128]
0.6331316232681274 [128  98 128]
0.6331316232681274 [128  98 128]
0.6331316232681274 [128  98 128]
0.6331316232681274 [128  98 128]
0.6331316232681274 [128  98 128]
0.6331316232681274 [128  98 128]
