0.12375067174434662 [ 53  63 113]
0.12375067174434662 [ 53  63 113]
0.1211559921503067 [114  59  12]
0.1211559921503067 [114  59  12]
0.1211559921503067 [114  59  12]
0.1211559921503067 [114  59  12]
0.1211559921503067 [114  59  12]
0.1211559921503067 [114  59  12]
0.1211559921503067 [114  59  12]
0.11365151405334473 [96 65 65]
0.09438620507717133 [ 80 104  81]
0.08625070005655289 [ 47  77 110]
0.08625070005655289 [ 47  77 110]
0.08625070005655289 [ 47  77 110]
0.08625070005655289 [ 47  77 110]
0.08625070005655289 [ 47  77 110]
0.08625070005655289 [ 47  77 110]
0.08625070005655289 [ 47  77 110]
0.08625070005655289 [ 47  77 110]
0.08625070005655289 [ 47  77 110]
0.08625070005655289 [ 47  77 110]
0.07431251555681229 [ 47 128 110]
0.07431251555681229 [ 47 128 110]
0.07431251555681229 [ 47 128 110]
0.07431251555681229 [ 47 128 110]
0.07431251555681229 [ 47 128 110]
0.07431251555681229 [ 47 128 110]
0.07431251555681229 [ 47 128 110]
0.07431251555681229 [ 47 128 110]
0.07431251555681229 [ 47 128 110]
0.07431251555681229 [ 47 128 110]
0.07431251555681229 [ 47 128 110]
0.07431251555681229 [ 47 128 110]
0.07431251555681229 [ 47 128 110]
0.07431251555681229 [ 47 128 110]
0.07431251555681229 [ 47 128 110]
0.07431251555681229 [ 47 128 110]
0.07431251555681229 [ 47 128 110]
0.07431251555681229 [ 47 128 110]
0.07431251555681229 [ 47 128 110]
ACC 0.9185110663983903
