0.1330575942993164
0.1330575942993164
0.1330575942993164
0.1330575942993164
0.1330575942993164
0.1330575942993164
0.1330575942993164
0.1330575942993164
0.1330575942993164
0.1330575942993164
0.1330575942993164
0.1330575942993164
0.1330575942993164
0.1330575942993164
0.1330575942993164
0.1330575942993164
0.1330575942993164
0.1330575942993164
0.1330575942993164
0.1330575942993164
0.1330575942993164
0.1330575942993164
0.1330575942993164
0.1330575942993164
0.1330575942993164
0.1330575942993164
0.1330575942993164
0.1330575942993164
0.1330575942993164
0.1330575942993164
0.1330575942993164
0.1330575942993164
0.1330575942993164
0.1330575942993164
0.1330575942993164
0.1330575942993164
0.1330575942993164
0.1330575942993164
0.1330575942993164
0.1330575942993164
0.8806818181818182
