0.29410800337791443 [110  29 103]
0.2620076537132263 [ 39 121 127]
0.2620076537132263 [ 39 121 127]
0.2620076537132263 [ 39 121 127]
0.24717086553573608 [63 87 20]
0.24717086553573608 [63 87 20]
0.24717086553573608 [63 87 20]
0.24717086553573608 [63 87 20]
0.24717086553573608 [63 87 20]
0.24717086553573608 [63 87 20]
0.24717086553573608 [63 87 20]
0.24717086553573608 [63 87 20]
0.24717086553573608 [63 87 20]
0.24717086553573608 [63 87 20]
0.24717086553573608 [63 87 20]
0.24717086553573608 [63 87 20]
0.24717086553573608 [63 87 20]
0.20810121297836304 [ 71 103  72]
0.20810121297836304 [ 71 103  72]
0.20810121297836304 [ 71 103  72]
0.20810121297836304 [ 71 103  72]
0.20810121297836304 [ 71 103  72]
0.20810121297836304 [ 71 103  72]
0.20810121297836304 [ 71 103  72]
0.20810121297836304 [ 71 103  72]
0.20810121297836304 [ 71 103  72]
0.20810121297836304 [ 71 103  72]
0.20810121297836304 [ 71 103  72]
0.20810121297836304 [ 71 103  72]
0.20810121297836304 [ 71 103  72]
0.20810121297836304 [ 71 103  72]
0.20810121297836304 [ 71 103  72]
0.20810121297836304 [ 71 103  72]
0.20810121297836304 [ 71 103  72]
0.20810121297836304 [ 71 103  72]
0.20773133635520935 [118  41 103]
0.20773133635520935 [118  41 103]
0.20773133635520935 [118  41 103]
0.20773133635520935 [118  41 103]
0.20773133635520935 [118  41 103]
ACC 0.8380149812734082
