0.8681873083114624 [112  99  78]
0.8681873083114624 [112  99  78]
0.8681873083114624 [112  99  78]
0.8681873083114624 [112  99  78]
0.8681873083114624 [112  99  78]
0.8681873083114624 [112  99  78]
0.8681873083114624 [112  99  78]
0.8681873083114624 [112  99  78]
0.8681873083114624 [112  99  78]
0.8681873083114624 [112  99  78]
0.8681873083114624 [112  99  78]
0.8681873083114624 [112  99  78]
0.8681873083114624 [112  99  78]
0.8681873083114624 [112  99  78]
0.8681873083114624 [112  99  78]
0.8681873083114624 [112  99  78]
0.8681873083114624 [112  99  78]
0.8681873083114624 [112  99  78]
0.7680416703224182 [128 127  41]
0.7680416703224182 [128 127  41]
0.7680416703224182 [128 127  41]
0.7680416703224182 [128 127  41]
0.7680416703224182 [128 127  41]
0.7680416703224182 [128 127  41]
0.7680416703224182 [128 127  41]
0.7680416703224182 [128 127  41]
0.7680416703224182 [128 127  41]
0.7680416703224182 [128 127  41]
0.7680416703224182 [128 127  41]
0.7680416703224182 [128 127  41]
0.7680416703224182 [128 127  41]
0.7680416703224182 [128 127  41]
0.7084859013557434 [128 112  41]
0.7084859013557434 [128 112  41]
0.7084859013557434 [128 112  41]
0.5111311674118042 [128  81  50]
0.5111311674118042 [128  81  50]
0.5111311674118042 [128  81  50]
0.5111311674118042 [128  81  50]
0.5111311674118042 [128  81  50]
ACC 0.7883349012229539
