0.2911983132362366
0.2911983132362366
0.26304149627685547
0.26200810074806213
0.21268397569656372
0.21268397569656372
0.21268397569656372
0.21268397569656372
0.20646043121814728
0.20646043121814728
0.20646043121814728
0.20294837653636932
0.20294837653636932
0.20294837653636932
0.20294837653636932
0.20294837653636932
0.20294837653636932
0.20294837653636932
0.20294837653636932
0.20294837653636932
0.20294837653636932
0.20294837653636932
0.20294837653636932
0.20294837653636932
0.20294837653636932
0.20294837653636932
0.20294837653636932
0.20294837653636932
0.20294837653636932
0.20294837653636932
0.20294837653636932
0.20294837653636932
0.20294837653636932
0.20294837653636932
0.20294837653636932
0.20294837653636932
0.20294837653636932
0.20294837653636932
0.20294837653636932
0.20294837653636932
0.8360160965794768
