0.21736197173595428
0.2171674370765686
0.19964221119880676
0.19262850284576416
0.15157051384449005
0.15157051384449005
0.15157051384449005
0.15157051384449005
0.15157051384449005
0.15157051384449005
0.15157051384449005
0.14095330238342285
0.14095330238342285
0.14095330238342285
0.14095330238342285
0.14095330238342285
0.14095330238342285
0.14095330238342285
0.14095330238342285
0.14095330238342285
0.14095330238342285
0.14095330238342285
0.14095330238342285
0.14095330238342285
0.14095330238342285
0.14095330238342285
0.14095330238342285
0.14095330238342285
0.14095330238342285
0.14095330238342285
0.14095330238342285
0.14095330238342285
0.14095330238342285
0.14095330238342285
0.14095330238342285
0.14095330238342285
0.14095330238342285
0.14095330238342285
0.14095330238342285
0.14095330238342285
0.8787878787878788
