0.1396971493959427
0.1396971493959427
0.1396971493959427
0.1396971493959427
0.12712281942367554
0.12712281942367554
0.12712281942367554
0.10905520617961884
0.10905520617961884
0.10905520617961884
0.10905520617961884
0.10905520617961884
0.10905520617961884
0.10905520617961884
0.10905520617961884
0.10905520617961884
0.10905520617961884
0.10905520617961884
0.07678806036710739
0.07678806036710739
0.07678806036710739
0.07678806036710739
0.07678806036710739
0.07678806036710739
0.07678806036710739
0.07678806036710739
0.07678806036710739
0.07678806036710739
0.07678806036710739
0.07678806036710739
0.07678806036710739
0.07678806036710739
0.07678806036710739
0.07678806036710739
0.07678806036710739
0.07678806036710739
0.07678806036710739
0.07678806036710739
0.07678806036710739
0.07678806036710739
0.9244917715392061
