0.1984497457742691
0.1984497457742691
0.19639913737773895
0.19639913737773895
0.19287973642349243
0.18732179701328278
0.18732179701328278
0.18732179701328278
0.17936411499977112
0.16614291071891785
0.16614291071891785
0.16614291071891785
0.16614291071891785
0.16614291071891785
0.16614291071891785
0.16614291071891785
0.16614291071891785
0.16614291071891785
0.16614291071891785
0.16614291071891785
0.15171024203300476
0.15171024203300476
0.15171024203300476
0.15171024203300476
0.15171024203300476
0.15171024203300476
0.15171024203300476
0.15171024203300476
0.15171024203300476
0.15171024203300476
0.15171024203300476
0.15171024203300476
0.15171024203300476
0.15171024203300476
0.15171024203300476
0.15171024203300476
0.15171024203300476
0.15171024203300476
0.15171024203300476
0.15171024203300476
0.8905180840664711
