0.18741171061992645 [76 82 99]
0.17910833656787872 [57 73 58]
0.17910833656787872 [57 73 58]
0.17910833656787872 [57 73 58]
0.17910833656787872 [57 73 58]
0.17910833656787872 [57 73 58]
0.17910833656787872 [57 73 58]
0.17910833656787872 [57 73 58]
0.17910833656787872 [57 73 58]
0.17910833656787872 [57 73 58]
0.17910833656787872 [57 73 58]
0.17910833656787872 [57 73 58]
0.17910833656787872 [57 73 58]
0.16798070073127747 [113 105  86]
0.16798070073127747 [113 105  86]
0.16798070073127747 [113 105  86]
0.16798070073127747 [113 105  86]
0.16798070073127747 [113 105  86]
0.16798070073127747 [113 105  86]
0.16798070073127747 [113 105  86]
0.15169434249401093 [ 67  85 128]
0.15169434249401093 [ 67  85 128]
0.15169434249401093 [ 67  85 128]
0.15169434249401093 [ 67  85 128]
0.15169434249401093 [ 67  85 128]
0.15169434249401093 [ 67  85 128]
0.15169434249401093 [ 67  85 128]
0.15169434249401093 [ 67  85 128]
0.15169434249401093 [ 67  85 128]
0.15169434249401093 [ 67  85 128]
0.15169434249401093 [ 67  85 128]
0.15169434249401093 [ 67  85 128]
0.15169434249401093 [ 67  85 128]
0.15169434249401093 [ 67  85 128]
0.15169434249401093 [ 67  85 128]
0.15169434249401093 [ 67  85 128]
0.15169434249401093 [ 67  85 128]
0.15169434249401093 [ 67  85 128]
0.15169434249401093 [ 67  85 128]
0.15169434249401093 [ 67  85 128]
ACC 0.8895131086142322
