0.7669495940208435 [70 84 82]
0.7669495940208435 [70 84 82]
0.6747300624847412 [128  63 112]
0.6747300624847412 [128  63 112]
0.6747300624847412 [128  63 112]
0.672481119632721 [124  53  62]
0.672481119632721 [124  53  62]
0.672481119632721 [124  53  62]
0.672481119632721 [124  53  62]
0.6539915800094604 [119  99  63]
0.6539915800094604 [119  99  63]
0.6539915800094604 [119  99  63]
0.6539915800094604 [119  99  63]
0.6539915800094604 [119  99  63]
0.6539915800094604 [119  99  63]
0.6539915800094604 [119  99  63]
0.6539915800094604 [119  99  63]
0.6539915800094604 [119  99  63]
0.6539915800094604 [119  99  63]
0.6539915800094604 [119  99  63]
0.6539915800094604 [119  99  63]
0.6539915800094604 [119  99  63]
0.6539915800094604 [119  99  63]
0.6539915800094604 [119  99  63]
0.6539915800094604 [119  99  63]
0.6539915800094604 [119  99  63]
0.6539915800094604 [119  99  63]
0.6539915800094604 [119  99  63]
0.6539915800094604 [119  99  63]
0.6539915800094604 [119  99  63]
0.6539915800094604 [119  99  63]
0.6539915800094604 [119  99  63]
0.6539915800094604 [119  99  63]
0.6539915800094604 [119  99  63]
0.6539915800094604 [119  99  63]
0.6539915800094604 [119  99  63]
0.6539915800094604 [119  99  63]
0.6539915800094604 [119  99  63]
0.6539915800094604 [119  99  63]
0.6539915800094604 [119  99  63]
ACC 0.7429130009775171
