0.18802987039089203 [ 28 128  21]
0.12038738280534744 [ 58 121 128]
0.12038738280534744 [ 58 121 128]
0.12038738280534744 [ 58 121 128]
0.12038738280534744 [ 58 121 128]
0.12038738280534744 [ 58 121 128]
0.12038738280534744 [ 58 121 128]
0.12038738280534744 [ 58 121 128]
0.12038738280534744 [ 58 121 128]
0.12038738280534744 [ 58 121 128]
0.12038738280534744 [ 58 121 128]
0.12038738280534744 [ 58 121 128]
0.12038738280534744 [ 58 121 128]
0.12038738280534744 [ 58 121 128]
0.12038738280534744 [ 58 121 128]
0.12038738280534744 [ 58 121 128]
0.12038738280534744 [ 58 121 128]
0.11635542660951614 [ 36 128 117]
0.11635542660951614 [ 36 128 117]
0.11635542660951614 [ 36 128 117]
0.11635542660951614 [ 36 128 117]
0.11635542660951614 [ 36 128 117]
0.11635542660951614 [ 36 128 117]
0.11635542660951614 [ 36 128 117]
0.11635542660951614 [ 36 128 117]
0.09814814478158951 [ 36 128 117]
0.09814814478158951 [ 36 128 117]
0.09814814478158951 [ 36 128 117]
0.09814814478158951 [ 36 128 117]
0.09814814478158951 [ 36 128 117]
0.09814814478158951 [ 36 128 117]
0.09814814478158951 [ 36 128 117]
0.09814814478158951 [ 36 128 117]
0.09814814478158951 [ 36 128 117]
0.09814814478158951 [ 36 128 117]
0.09814814478158951 [ 36 128 117]
0.09814814478158951 [ 36 128 117]
0.09814814478158951 [ 36 128 117]
0.09814814478158951 [ 36 128 117]
0.09814814478158951 [ 36 128 117]
ACC 0.9122807017543859
