0.6757873892784119 [ 81 128  83]
0.6757873892784119 [ 81 128  83]
0.6757873892784119 [ 81 128  83]
0.6757873892784119 [ 81 128  83]
0.6757873892784119 [ 81 128  83]
0.6757873892784119 [ 81 128  83]
0.6757873892784119 [ 81 128  83]
0.6757873892784119 [ 81 128  83]
0.6757873892784119 [ 81 128  83]
0.6757873892784119 [ 81 128  83]
0.6757873892784119 [ 81 128  83]
0.4991835653781891 [127  71  62]
0.4991835653781891 [127  71  62]
0.4991835653781891 [127  71  62]
0.4991835653781891 [127  71  62]
0.4991835653781891 [127  71  62]
0.4991835653781891 [127  71  62]
0.4991835653781891 [127  71  62]
0.4991835653781891 [127  71  62]
0.4991835653781891 [127  71  62]
0.4991835653781891 [127  71  62]
0.4991835653781891 [127  71  62]
0.4991835653781891 [127  71  62]
0.4991835653781891 [127  71  62]
0.4991835653781891 [127  71  62]
0.4991835653781891 [127  71  62]
0.4991835653781891 [127  71  62]
0.4991835653781891 [127  71  62]
0.4991835653781891 [127  71  62]
0.4991835653781891 [127  71  62]
0.4991835653781891 [127  71  62]
0.4991835653781891 [127  71  62]
0.4991835653781891 [127  71  62]
0.4991835653781891 [127  71  62]
0.4991835653781891 [127  71  62]
0.4991835653781891 [127  71  62]
0.4991835653781891 [127  71  62]
0.4991835653781891 [127  71  62]
0.4991835653781891 [127  71  62]
0.4991835653781891 [127  71  62]
ACC 0.7322097378277154
