0.13820283114910126
0.1308298259973526
0.1193787083029747
0.1193787083029747
0.1193787083029747
0.09995121508836746
0.09995121508836746
0.09995121508836746
0.09995121508836746
0.09995121508836746
0.09995121508836746
0.09995121508836746
0.09995121508836746
0.09995121508836746
0.05146675556898117
0.05146675556898117
0.05146675556898117
0.05146675556898117
0.05146675556898117
0.05146675556898117
0.05146675556898117
0.05146675556898117
0.05146675556898117
0.05146675556898117
0.05146675556898117
0.05146675556898117
0.05146675556898117
0.05146675556898117
0.05146675556898117
0.05146675556898117
0.05146675556898117
0.05146675556898117
0.05146675556898117
0.05146675556898117
0.05146675556898117
0.05146675556898117
0.05146675556898117
0.05146675556898117
0.05146675556898117
0.05146675556898117
0.9204545454545454
