0.22674567997455597
0.2053452879190445
0.2053452879190445
0.2053452879190445
0.2053452879190445
0.2053452879190445
0.17699825763702393
0.17699825763702393
0.17699825763702393
0.17699825763702393
0.17699825763702393
0.1726258546113968
0.1726258546113968
0.1726258546113968
0.1726258546113968
0.1726258546113968
0.1726258546113968
0.1726258546113968
0.1726258546113968
0.1726258546113968
0.1726258546113968
0.1726258546113968
0.1726258546113968
0.1726258546113968
0.1726258546113968
0.1726258546113968
0.1726258546113968
0.1726258546113968
0.16447003185749054
0.16447003185749054
0.16447003185749054
0.16447003185749054
0.16447003185749054
0.16447003185749054
0.16447003185749054
0.16447003185749054
0.16447003185749054
0.16447003185749054
0.16447003185749054
0.16447003185749054
0.8984007525870179
