0.1870892494916916
0.1870892494916916
0.1861904114484787
0.1861904114484787
0.16731342673301697
0.13633200526237488
0.13633200526237488
0.13633200526237488
0.13633200526237488
0.13633200526237488
0.13633200526237488
0.13633200526237488
0.13633200526237488
0.13633200526237488
0.13633200526237488
0.13633200526237488
0.13633200526237488
0.13633200526237488
0.13633200526237488
0.13633200526237488
0.13633200526237488
0.13633200526237488
0.13633200526237488
0.13633200526237488
0.13633200526237488
0.13633200526237488
0.12273015081882477
0.12273015081882477
0.12273015081882477
0.12273015081882477
0.12273015081882477
0.12273015081882477
0.12273015081882477
0.12273015081882477
0.12273015081882477
0.12273015081882477
0.12273015081882477
0.12273015081882477
0.12273015081882477
0.12273015081882477
0.9002932551319648
