0.16359242796897888
0.16359242796897888
0.16337931156158447
0.16337931156158447
0.16337931156158447
0.16337931156158447
0.16337931156158447
0.15149277448654175
0.15149277448654175
0.15149277448654175
0.15149277448654175
0.15149277448654175
0.15149277448654175
0.15149277448654175
0.15149277448654175
0.1419670730829239
0.1419670730829239
0.14163929224014282
0.13493870198726654
0.13493870198726654
0.13493870198726654
0.13493870198726654
0.13493870198726654
0.13493870198726654
0.13493870198726654
0.13493870198726654
0.13493870198726654
0.13493870198726654
0.13493870198726654
0.13493870198726654
0.13493870198726654
0.13493870198726654
0.13493870198726654
0.13493870198726654
0.13493870198726654
0.13493870198726654
0.13493870198726654
0.13493870198726654
0.13493870198726654
0.13493870198726654
0.8631790744466801
