1.0038425922393799
0.8148989677429199
0.8148989677429199
0.8148989677429199
0.8148989677429199
0.8148989677429199
0.8148989677429199
0.8148989677429199
0.8148989677429199
0.8148989677429199
0.8148989677429199
0.8148989677429199
0.7944233417510986
0.7944233417510986
0.7902131080627441
0.7902131080627441
0.7902131080627441
0.7902131080627441
0.7902131080627441
0.7902131080627441
0.7902131080627441
0.7902131080627441
0.7902131080627441
0.7902131080627441
0.7902131080627441
0.706059992313385
0.706059992313385
0.706059992313385
0.706059992313385
0.706059992313385
0.706059992313385
0.706059992313385
0.706059992313385
0.706059992313385
0.706059992313385
0.706059992313385
0.706059992313385
0.706059992313385
0.706059992313385
0.706059992313385
0.7691597414589104
