0.08842208981513977
0.08842208981513977
0.08842208981513977
0.08842208981513977
0.08842208981513977
0.08842208981513977
0.08842208981513977
0.08842208981513977
0.08842208981513977
0.08842208981513977
0.08842208981513977
0.08842208981513977
0.08842208981513977
0.08842208981513977
0.08842208981513977
0.08842208981513977
0.08842208981513977
0.08842208981513977
0.08842208981513977
0.08842208981513977
0.08842208981513977
0.08842208981513977
0.08842208981513977
0.07810627669095993
0.07810627669095993
0.07810627669095993
0.07810627669095993
0.06767356395721436
0.06767356395721436
0.06767356395721436
0.06767356395721436
0.06767356395721436
0.06767356395721436
0.06767356395721436
0.06767356395721436
0.06767356395721436
0.06767356395721436
0.06767356395721436
0.06767356395721436
0.06767356395721436
0.9159335288367546
