0.17390653491020203 [ 51 124  97]
0.17390653491020203 [ 51 124  97]
0.17390653491020203 [ 51 124  97]
0.17390653491020203 [ 51 124  97]
0.17390653491020203 [ 51 124  97]
0.17390653491020203 [ 51 124  97]
0.17390653491020203 [ 51 124  97]
0.17390653491020203 [ 51 124  97]
0.17390653491020203 [ 51 124  97]
0.17390653491020203 [ 51 124  97]
0.17390653491020203 [ 51 124  97]
0.17390653491020203 [ 51 124  97]
0.17390653491020203 [ 51 124  97]
0.17390653491020203 [ 51 124  97]
0.17360055446624756 [ 52  91 104]
0.17360055446624756 [ 52  91 104]
0.17360055446624756 [ 52  91 104]
0.17360055446624756 [ 52  91 104]
0.17360055446624756 [ 52  91 104]
0.16090528666973114 [ 44 128 123]
0.16090528666973114 [ 44 128 123]
0.16090528666973114 [ 44 128 123]
0.16090528666973114 [ 44 128 123]
0.16090528666973114 [ 44 128 123]
0.16090528666973114 [ 44 128 123]
0.16090528666973114 [ 44 128 123]
0.16090528666973114 [ 44 128 123]
0.16090528666973114 [ 44 128 123]
0.16090528666973114 [ 44 128 123]
0.16090528666973114 [ 44 128 123]
0.16090528666973114 [ 44 128 123]
0.16090528666973114 [ 44 128 123]
0.16090528666973114 [ 44 128 123]
0.1545056849718094 [110 128  85]
0.1545056849718094 [110 128  85]
0.1545056849718094 [110 128  85]
0.1545056849718094 [110 128  85]
0.1545056849718094 [110 128  85]
0.1545056849718094 [110 128  85]
0.1545056849718094 [110 128  85]
ACC 0.8712776176753122
