0.24691243469715118
0.24691243469715118
0.22533376514911652
0.20800934731960297
0.20800934731960297
0.20800934731960297
0.17699506878852844
0.17699506878852844
0.17699506878852844
0.17699506878852844
0.17063091695308685
0.17063091695308685
0.17063091695308685
0.17063091695308685
0.17063091695308685
0.17063091695308685
0.17063091695308685
0.17063091695308685
0.17063091695308685
0.17063091695308685
0.1704004555940628
0.1704004555940628
0.1704004555940628
0.1704004555940628
0.1704004555940628
0.1704004555940628
0.1704004555940628
0.1704004555940628
0.1704004555940628
0.15433841943740845
0.15433841943740845
0.15433841943740845
0.15433841943740845
0.15433841943740845
0.15433841943740845
0.15433841943740845
0.15433841943740845
0.1348663717508316
0.1348663717508316
0.1348663717508316
0.8617424242424242
