0.21213343739509583 [ 27  91 112]
0.21213343739509583 [ 27  91 112]
0.21137860417366028 [ 55 119  98]
0.19623510539531708 [ 46 122 103]
0.19623510539531708 [ 46 122 103]
0.1881672441959381 [ 34 107  91]
0.1881672441959381 [ 34 107  91]
0.1881672441959381 [ 34 107  91]
0.1881672441959381 [ 34 107  91]
0.1881672441959381 [ 34 107  91]
0.1881672441959381 [ 34 107  91]
0.1881672441959381 [ 34 107  91]
0.1881672441959381 [ 34 107  91]
0.1881672441959381 [ 34 107  91]
0.1881672441959381 [ 34 107  91]
0.16885614395141602 [ 32 105 103]
0.16885614395141602 [ 32 105 103]
0.16885614395141602 [ 32 105 103]
0.16885614395141602 [ 32 105 103]
0.16885614395141602 [ 32 105 103]
0.16885614395141602 [ 32 105 103]
0.16885614395141602 [ 32 105 103]
0.16885614395141602 [ 32 105 103]
0.16885614395141602 [ 32 105 103]
0.16885614395141602 [ 32 105 103]
0.16885614395141602 [ 32 105 103]
0.16885614395141602 [ 32 105 103]
0.16885614395141602 [ 32 105 103]
0.16885614395141602 [ 32 105 103]
0.16885614395141602 [ 32 105 103]
0.16732819378376007 [ 44 107  64]
0.16732819378376007 [ 44 107  64]
0.16732819378376007 [ 44 107  64]
0.16732819378376007 [ 44 107  64]
0.16732819378376007 [ 44 107  64]
0.16732819378376007 [ 44 107  64]
0.16732819378376007 [ 44 107  64]
0.16732819378376007 [ 44 107  64]
0.16732819378376007 [ 44 107  64]
0.16732819378376007 [ 44 107  64]
ACC 0.8559160305343512
