0.2542053759098053
0.21115587651729584
0.1661941409111023
0.1661941409111023
0.1661941409111023
0.15871521830558777
0.15871521830558777
0.15871521830558777
0.15871521830558777
0.15871521830558777
0.15871521830558777
0.15871521830558777
0.15871521830558777
0.15871521830558777
0.15871521830558777
0.15871521830558777
0.15168125927448273
0.15168125927448273
0.15168125927448273
0.15168125927448273
0.1292881965637207
0.1292881965637207
0.1292881965637207
0.1292881965637207
0.1292881965637207
0.1292881965637207
0.1292881965637207
0.1292881965637207
0.1292881965637207
0.1292881965637207
0.1292881965637207
0.1292881965637207
0.1292881965637207
0.1292881965637207
0.1292881965637207
0.1292881965637207
0.1292881965637207
0.1292881965637207
0.1292881965637207
0.1292881965637207
0.8530259365994236
