0.773268461227417 [104  85  41]
0.773268461227417 [104  85  41]
0.7054271101951599 [117  94 117]
0.7054271101951599 [117  94 117]
0.7054271101951599 [117  94 117]
0.6822243332862854 [111  58 118]
0.6822243332862854 [111  58 118]
0.6822243332862854 [111  58 118]
0.6822243332862854 [111  58 118]
0.6822243332862854 [111  58 118]
0.6822243332862854 [111  58 118]
0.6822243332862854 [111  58 118]
0.6822243332862854 [111  58 118]
0.6822243332862854 [111  58 118]
0.6822243332862854 [111  58 118]
0.6822243332862854 [111  58 118]
0.6822243332862854 [111  58 118]
0.6822243332862854 [111  58 118]
0.6822243332862854 [111  58 118]
0.6822243332862854 [111  58 118]
0.6822243332862854 [111  58 118]
0.6822243332862854 [111  58 118]
0.6822243332862854 [111  58 118]
0.6822243332862854 [111  58 118]
0.6666820049285889 [103  90  53]
0.6666820049285889 [103  90  53]
0.6666820049285889 [103  90  53]
0.6666820049285889 [103  90  53]
0.6666820049285889 [103  90  53]
0.6666820049285889 [103  90  53]
0.6666820049285889 [103  90  53]
0.6666820049285889 [103  90  53]
0.6666820049285889 [103  90  53]
0.6666820049285889 [103  90  53]
0.6666820049285889 [103  90  53]
0.6666820049285889 [103  90  53]
0.6666820049285889 [103  90  53]
0.6666820049285889 [103  90  53]
0.6666820049285889 [103  90  53]
0.6666820049285889 [103  90  53]
ACC 0.739593417231365
