0.23263534903526306 [ 83   9 123]
0.1872456818819046 [128  92  44]
0.1862255185842514 [ 87 114  36]
0.1862255185842514 [ 87 114  36]
0.174509659409523 [53 66 68]
0.14551757276058197 [ 44  54 125]
0.14551757276058197 [ 44  54 125]
0.14551757276058197 [ 44  54 125]
0.14551757276058197 [ 44  54 125]
0.14551757276058197 [ 44  54 125]
0.14551757276058197 [ 44  54 125]
0.14551757276058197 [ 44  54 125]
0.14551757276058197 [ 44  54 125]
0.14551757276058197 [ 44  54 125]
0.14551757276058197 [ 44  54 125]
0.14551757276058197 [ 44  54 125]
0.14551757276058197 [ 44  54 125]
0.12676428258419037 [104  71 102]
0.12676428258419037 [104  71 102]
0.12676428258419037 [104  71 102]
0.12676428258419037 [104  71 102]
0.12676428258419037 [104  71 102]
0.12676428258419037 [104  71 102]
0.12676428258419037 [104  71 102]
0.12676428258419037 [104  71 102]
0.12676428258419037 [104  71 102]
0.12676428258419037 [104  71 102]
0.12676428258419037 [104  71 102]
0.11480430513620377 [ 91 128 128]
0.11480430513620377 [ 91 128 128]
0.11480430513620377 [ 91 128 128]
0.11480430513620377 [ 91 128 128]
0.11480430513620377 [ 91 128 128]
0.11480430513620377 [ 91 128 128]
0.11480430513620377 [ 91 128 128]
0.11480430513620377 [ 91 128 128]
0.11480430513620377 [ 91 128 128]
0.11480430513620377 [ 91 128 128]
0.11480430513620377 [ 91 128 128]
0.11480430513620377 [ 91 128 128]
ACC 0.8797127468581688
