1.0634936094284058 [ 95 119  67]
0.8329705595970154 [113 121 122]
0.8329705595970154 [113 121 122]
0.8032093048095703 [107  41  67]
0.8032093048095703 [107  41  67]
0.8032093048095703 [107  41  67]
0.8032093048095703 [107  41  67]
0.8032093048095703 [107  41  67]
0.8032093048095703 [107  41  67]
0.8032093048095703 [107  41  67]
0.8032093048095703 [107  41  67]
0.8032093048095703 [107  41  67]
0.8032093048095703 [107  41  67]
0.8032093048095703 [107  41  67]
0.7454988360404968 [ 65  78 127]
0.7454988360404968 [ 65  78 127]
0.6390090584754944 [64 83 68]
0.6390090584754944 [64 83 68]
0.6390090584754944 [64 83 68]
0.6390090584754944 [64 83 68]
0.6390090584754944 [64 83 68]
0.6390090584754944 [64 83 68]
0.6390090584754944 [64 83 68]
0.6390090584754944 [64 83 68]
0.6390090584754944 [64 83 68]
0.6390090584754944 [64 83 68]
0.6390090584754944 [64 83 68]
0.6390090584754944 [64 83 68]
0.6390090584754944 [64 83 68]
0.6390090584754944 [64 83 68]
0.6390090584754944 [64 83 68]
0.6390090584754944 [64 83 68]
0.6390090584754944 [64 83 68]
0.6390090584754944 [64 83 68]
0.6390090584754944 [64 83 68]
0.6390090584754944 [64 83 68]
0.6390090584754944 [64 83 68]
0.6390090584754944 [64 83 68]
0.6390090584754944 [64 83 68]
0.6390090584754944 [64 83 68]
ACC 0.7474849094567404
