0.6151432394981384
0.6151432394981384
0.6151432394981384
0.6151432394981384
0.6151432394981384
0.6151432394981384
0.6151432394981384
0.5409473776817322
0.5409473776817322
0.5409473776817322
0.5409473776817322
0.5409473776817322
0.5409473776817322
0.5409473776817322
0.5409473776817322
0.5409473776817322
0.5409473776817322
0.5409473776817322
0.5409473776817322
0.5409473776817322
0.5409473776817322
0.5409473776817322
0.5409473776817322
0.5409473776817322
0.5409473776817322
0.5409473776817322
0.5409473776817322
0.5409473776817322
0.5409473776817322
0.5409473776817322
0.5409473776817322
0.5409473776817322
0.5409473776817322
0.5409473776817322
0.5409473776817322
0.5409473776817322
0.5409473776817322
0.5409473776817322
0.5409473776817322
0.5409473776817322
0.7453183520599251
