0.8964628577232361
0.8964628577232361
0.8964628577232361
0.8964628577232361
0.8964628577232361
0.7887411713600159
0.7887411713600159
0.7887411713600159
0.7887411713600159
0.7887411713600159
0.7887411713600159
0.7369146347045898
0.7369146347045898
0.7369146347045898
0.7369146347045898
0.7369146347045898
0.7369146347045898
0.7369146347045898
0.7369146347045898
0.6637957692146301
0.6637957692146301
0.6637957692146301
0.6637957692146301
0.6637957692146301
0.6637957692146301
0.6637957692146301
0.6637957692146301
0.6637957692146301
0.6637957692146301
0.6637957692146301
0.6637957692146301
0.6637957692146301
0.6637957692146301
0.6637957692146301
0.6637957692146301
0.6637957692146301
0.6637957692146301
0.6637957692146301
0.6637957692146301
0.6637957692146301
0.7677725118483413
