0.21105080842971802 [43 60 45]
0.21105080842971802 [43 60 45]
0.21105080842971802 [43 60 45]
0.21105080842971802 [43 60 45]
0.1644267737865448 [ 33  92 126]
0.1644267737865448 [ 33  92 126]
0.1644267737865448 [ 33  92 126]
0.1644267737865448 [ 33  92 126]
0.1644267737865448 [ 33  92 126]
0.1644267737865448 [ 33  92 126]
0.1644267737865448 [ 33  92 126]
0.1644267737865448 [ 33  92 126]
0.1644267737865448 [ 33  92 126]
0.1644267737865448 [ 33  92 126]
0.1644267737865448 [ 33  92 126]
0.1644267737865448 [ 33  92 126]
0.1644267737865448 [ 33  92 126]
0.1644267737865448 [ 33  92 126]
0.1644267737865448 [ 33  92 126]
0.1644267737865448 [ 33  92 126]
0.1644267737865448 [ 33  92 126]
0.1644267737865448 [ 33  92 126]
0.1644267737865448 [ 33  92 126]
0.1644267737865448 [ 33  92 126]
0.1644267737865448 [ 33  92 126]
0.1644267737865448 [ 33  92 126]
0.1644267737865448 [ 33  92 126]
0.1644267737865448 [ 33  92 126]
0.1644267737865448 [ 33  92 126]
0.1644267737865448 [ 33  92 126]
0.1644267737865448 [ 33  92 126]
0.1644267737865448 [ 33  92 126]
0.1644267737865448 [ 33  92 126]
0.1644267737865448 [ 33  92 126]
0.1644267737865448 [ 33  92 126]
0.1644267737865448 [ 33  92 126]
0.1644267737865448 [ 33  92 126]
0.1644267737865448 [ 33  92 126]
0.1644267737865448 [ 33  92 126]
0.1644267737865448 [ 33  92 126]
ACC 0.8701787394167451
