0.20318977534770966 [ 74 127  57]
0.1667465716600418 [121  77  33]
0.1667465716600418 [121  77  33]
0.1667465716600418 [121  77  33]
0.1667465716600418 [121  77  33]
0.1667465716600418 [121  77  33]
0.1667465716600418 [121  77  33]
0.1667465716600418 [121  77  33]
0.1667465716600418 [121  77  33]
0.1667465716600418 [121  77  33]
0.1667465716600418 [121  77  33]
0.1667465716600418 [121  77  33]
0.1667465716600418 [121  77  33]
0.1667465716600418 [121  77  33]
0.1667465716600418 [121  77  33]
0.1667465716600418 [121  77  33]
0.1667465716600418 [121  77  33]
0.1667465716600418 [121  77  33]
0.1667465716600418 [121  77  33]
0.1667465716600418 [121  77  33]
0.1667465716600418 [121  77  33]
0.1667465716600418 [121  77  33]
0.1667465716600418 [121  77  33]
0.1667465716600418 [121  77  33]
0.1667465716600418 [121  77  33]
0.1667465716600418 [121  77  33]
0.1667465716600418 [121  77  33]
0.1667465716600418 [121  77  33]
0.1667465716600418 [121  77  33]
0.1667465716600418 [121  77  33]
0.1667465716600418 [121  77  33]
0.1667465716600418 [121  77  33]
0.1667465716600418 [121  77  33]
0.1667465716600418 [121  77  33]
0.1667465716600418 [121  77  33]
0.1667465716600418 [121  77  33]
0.1667465716600418 [121  77  33]
0.1667465716600418 [121  77  33]
0.1667465716600418 [121  77  33]
0.1667465716600418 [121  77  33]
ACC 0.8541862652869238
