0.2985485792160034
0.2985485792160034
0.24703991413116455
0.24703991413116455
0.24703991413116455
0.24703991413116455
0.24703991413116455
0.24703991413116455
0.24703991413116455
0.24703991413116455
0.24703991413116455
0.24703991413116455
0.24703991413116455
0.24703991413116455
0.24703991413116455
0.24703991413116455
0.24703991413116455
0.24703991413116455
0.24703991413116455
0.24703991413116455
0.24703991413116455
0.24703991413116455
0.24703991413116455
0.24703991413116455
0.24703991413116455
0.24703991413116455
0.24703991413116455
0.24658644199371338
0.24658644199371338
0.24658644199371338
0.24658644199371338
0.24658644199371338
0.24658644199371338
0.24658644199371338
0.24658644199371338
0.24658644199371338
0.24658644199371338
0.24658644199371338
0.24658644199371338
0.24658644199371338
0.8550295857988166
