0.2343575656414032
0.21975736320018768
0.21975736320018768
0.2130470871925354
0.2130470871925354
0.2130470871925354
0.2130470871925354
0.19956204295158386
0.19956204295158386
0.19956204295158386
0.19956204295158386
0.19956204295158386
0.19956204295158386
0.19956204295158386
0.19956204295158386
0.19956204295158386
0.19956204295158386
0.19956204295158386
0.19956204295158386
0.19956204295158386
0.19956204295158386
0.19956204295158386
0.19956204295158386
0.19956204295158386
0.19956204295158386
0.1852487027645111
0.1852487027645111
0.1852487027645111
0.1852487027645111
0.1852487027645111
0.1852487027645111
0.1852487027645111
0.16401173174381256
0.16401173174381256
0.16401173174381256
0.16401173174381256
0.16401173174381256
0.16401173174381256
0.16401173174381256
0.16401173174381256
0.879162702188392
