0.2087070494890213
0.20095716416835785
0.20004399120807648
0.19874019920825958
0.19155076146125793
0.17523761093616486
0.16505685448646545
0.16505685448646545
0.16505685448646545
0.16505685448646545
0.16505685448646545
0.16505685448646545
0.16505685448646545
0.16505685448646545
0.16505685448646545
0.1541050374507904
0.1541050374507904
0.1541050374507904
0.1362156867980957
0.1362156867980957
0.1362156867980957
0.1362156867980957
0.1362156867980957
0.13395987451076508
0.13395987451076508
0.13395987451076508
0.13395987451076508
0.13395987451076508
0.13395987451076508
0.13395987451076508
0.13395987451076508
0.13395987451076508
0.13395987451076508
0.13395987451076508
0.13395987451076508
0.13395987451076508
0.13395987451076508
0.13395987451076508
0.13395987451076508
0.13395987451076508
0.8768328445747801
