0.8337908983230591
0.7963221073150635
0.7963221073150635
0.7963221073150635
0.673438549041748
0.673438549041748
0.673438549041748
0.673438549041748
0.673438549041748
0.673438549041748
0.626235842704773
0.626235842704773
0.626235842704773
0.626235842704773
0.626235842704773
0.626235842704773
0.626235842704773
0.626235842704773
0.626235842704773
0.626235842704773
0.626235842704773
0.626235842704773
0.626235842704773
0.626235842704773
0.626235842704773
0.626235842704773
0.626235842704773
0.626235842704773
0.626235842704773
0.626235842704773
0.626235842704773
0.626235842704773
0.626235842704773
0.626235842704773
0.626235842704773
0.5484737753868103
0.5484737753868103
0.5484737753868103
0.5484737753868103
0.5484737753868103
0.7840909090909091
