0.14279372990131378
0.14279372990131378
0.14279372990131378
0.12268295139074326
0.12268295139074326
0.12268295139074326
0.12268295139074326
0.12268295139074326
0.12268295139074326
0.12268295139074326
0.12268295139074326
0.12268295139074326
0.12268295139074326
0.11067822575569153
0.1096082255244255
0.09490140527486801
0.09490140527486801
0.09490140527486801
0.09490140527486801
0.09490140527486801
0.09490140527486801
0.09490140527486801
0.09130015224218369
0.09130015224218369
0.09130015224218369
0.09130015224218369
0.09130015224218369
0.09130015224218369
0.09130015224218369
0.09130015224218369
0.09130015224218369
0.09130015224218369
0.09130015224218369
0.09130015224218369
0.09130015224218369
0.0896022692322731
0.0896022692322731
0.0896022692322731
0.0896022692322731
0.0896022692322731
0.906158357771261
