0.17063353955745697 [ 63 110 125]
0.17063353955745697 [ 63 110 125]
0.17063353955745697 [ 63 110 125]
0.17063353955745697 [ 63 110 125]
0.17063353955745697 [ 63 110 125]
0.17063353955745697 [ 63 110 125]
0.17063353955745697 [ 63 110 125]
0.17063353955745697 [ 63 110 125]
0.17063353955745697 [ 63 110 125]
0.17008107900619507 [128  82 117]
0.17008107900619507 [128  82 117]
0.17008107900619507 [128  82 117]
0.17008107900619507 [128  82 117]
0.17008107900619507 [128  82 117]
0.17008107900619507 [128  82 117]
0.17008107900619507 [128  82 117]
0.17008107900619507 [128  82 117]
0.17008107900619507 [128  82 117]
0.17008107900619507 [128  82 117]
0.17008107900619507 [128  82 117]
0.15829622745513916 [80 92 75]
0.15829622745513916 [80 92 75]
0.15829622745513916 [80 92 75]
0.15829622745513916 [80 92 75]
0.15829622745513916 [80 92 75]
0.15829622745513916 [80 92 75]
0.15829622745513916 [80 92 75]
0.15829622745513916 [80 92 75]
0.15829622745513916 [80 92 75]
0.15829622745513916 [80 92 75]
0.15829622745513916 [80 92 75]
0.15829622745513916 [80 92 75]
0.15829622745513916 [80 92 75]
0.15829622745513916 [80 92 75]
0.15829622745513916 [80 92 75]
0.15829622745513916 [80 92 75]
0.15829622745513916 [80 92 75]
0.15829622745513916 [80 92 75]
0.15829622745513916 [80 92 75]
0.15829622745513916 [80 92 75]
ACC 0.8698224852071006
