0.24058230221271515
0.24058230221271515
0.24058230221271515
0.24058230221271515
0.24058230221271515
0.24058230221271515
0.24058230221271515
0.2351066917181015
0.2351066917181015
0.1859002262353897
0.1859002262353897
0.1859002262353897
0.1859002262353897
0.1859002262353897
0.1859002262353897
0.1859002262353897
0.1859002262353897
0.1859002262353897
0.1859002262353897
0.1859002262353897
0.1859002262353897
0.1859002262353897
0.1859002262353897
0.1859002262353897
0.1859002262353897
0.1859002262353897
0.1859002262353897
0.1859002262353897
0.1859002262353897
0.1859002262353897
0.1859002262353897
0.1859002262353897
0.1859002262353897
0.1859002262353897
0.1859002262353897
0.1859002262353897
0.1859002262353897
0.1859002262353897
0.1859002262353897
0.1859002262353897
0.8651892890120036
