0.22431261837482452 [ 36  40 125]
0.22431261837482452 [ 36  40 125]
0.22431261837482452 [ 36  40 125]
0.22431261837482452 [ 36  40 125]
0.22431261837482452 [ 36  40 125]
0.22431261837482452 [ 36  40 125]
0.22431261837482452 [ 36  40 125]
0.22431261837482452 [ 36  40 125]
0.22431261837482452 [ 36  40 125]
0.22431261837482452 [ 36  40 125]
0.22431261837482452 [ 36  40 125]
0.22431261837482452 [ 36  40 125]
0.22431261837482452 [ 36  40 125]
0.22431261837482452 [ 36  40 125]
0.22431261837482452 [ 36  40 125]
0.22431261837482452 [ 36  40 125]
0.22431261837482452 [ 36  40 125]
0.22431261837482452 [ 36  40 125]
0.22431261837482452 [ 36  40 125]
0.22431261837482452 [ 36  40 125]
0.22431261837482452 [ 36  40 125]
0.22431261837482452 [ 36  40 125]
0.20727698504924774 [ 38 128 121]
0.20727698504924774 [ 38 128 121]
0.20727698504924774 [ 38 128 121]
0.20727698504924774 [ 38 128 121]
0.20727698504924774 [ 38 128 121]
0.20727698504924774 [ 38 128 121]
0.20727698504924774 [ 38 128 121]
0.20727698504924774 [ 38 128 121]
0.20727698504924774 [ 38 128 121]
0.20727698504924774 [ 38 128 121]
0.20727698504924774 [ 38 128 121]
0.20727698504924774 [ 38 128 121]
0.20727698504924774 [ 38 128 121]
0.20727698504924774 [ 38 128 121]
0.20727698504924774 [ 38 128 121]
0.20727698504924774 [ 38 128 121]
0.20727698504924774 [ 38 128 121]
0.20727698504924774 [ 38 128 121]
ACC 0.8258527827648114
