0.251420259475708
0.251420259475708
0.251420259475708
0.2319536805152893
0.2274578958749771
0.1933555155992508
0.1933555155992508
0.1933555155992508
0.1933555155992508
0.1933555155992508
0.1933555155992508
0.1933555155992508
0.19183459877967834
0.19183459877967834
0.19183459877967834
0.19183459877967834
0.19183459877967834
0.19183459877967834
0.19183459877967834
0.19183459877967834
0.19183459877967834
0.19183459877967834
0.19183459877967834
0.19183459877967834
0.19183459877967834
0.19183459877967834
0.19183459877967834
0.19183459877967834
0.19183459877967834
0.19183459877967834
0.19183459877967834
0.19183459877967834
0.16215646266937256
0.16215646266937256
0.16215646266937256
0.16215646266937256
0.16215646266937256
0.16215646266937256
0.16215646266937256
0.16215646266937256
0.8629876308277831
