0.08116549998521805
0.08116549998521805
0.08116549998521805
0.08116549998521805
0.08116549998521805
0.08116549998521805
0.08116549998521805
0.08116549998521805
0.08116549998521805
0.08116549998521805
0.08116549998521805
0.08116549998521805
0.08116549998521805
0.08116549998521805
0.08116549998521805
0.08116549998521805
0.08116549998521805
0.08116549998521805
0.08116549998521805
0.08116549998521805
0.08116549998521805
0.08116549998521805
0.08116549998521805
0.08116549998521805
0.0748976469039917
0.0748976469039917
0.0748976469039917
0.0748976469039917
0.0748976469039917
0.0748976469039917
0.06990183889865875
0.06990183889865875
0.06990183889865875
0.06990183889865875
0.06990183889865875
0.06990183889865875
0.06990183889865875
0.06990183889865875
0.06990183889865875
0.06990183889865875
0.8986742424242424
