0.8371904492378235
0.8147780895233154
0.8147780895233154
0.8147780895233154
0.8147780895233154
0.8147780895233154
0.6372146606445312
0.6372146606445312
0.6372146606445312
0.6372146606445312
0.6372146606445312
0.6372146606445312
0.6372146606445312
0.6372146606445312
0.6372146606445312
0.6372146606445312
0.6372146606445312
0.6372146606445312
0.6372146606445312
0.6204438209533691
0.6204438209533691
0.6204438209533691
0.6204438209533691
0.6204438209533691
0.6204438209533691
0.6204438209533691
0.6204438209533691
0.6204438209533691
0.6204438209533691
0.6204438209533691
0.6204438209533691
0.6204438209533691
0.6204438209533691
0.6204438209533691
0.6204438209533691
0.6204438209533691
0.6204438209533691
0.6204438209533691
0.6204438209533691
0.6204438209533691
0.7546432062561095
