0.12362788617610931 [ 94  51 109]
0.09912550449371338 [ 39 102  88]
0.09912550449371338 [ 39 102  88]
0.09912550449371338 [ 39 102  88]
0.09912550449371338 [ 39 102  88]
0.09912550449371338 [ 39 102  88]
0.09912550449371338 [ 39 102  88]
0.09912550449371338 [ 39 102  88]
0.09912550449371338 [ 39 102  88]
0.09912550449371338 [ 39 102  88]
0.09912550449371338 [ 39 102  88]
0.09912550449371338 [ 39 102  88]
0.09912550449371338 [ 39 102  88]
0.09125577658414841 [ 61 116 113]
0.09125577658414841 [ 61 116 113]
0.09125577658414841 [ 61 116 113]
0.09125577658414841 [ 61 116 113]
0.09125577658414841 [ 61 116 113]
0.09125577658414841 [ 61 116 113]
0.09125577658414841 [ 61 116 113]
0.09125577658414841 [ 61 116 113]
0.08982349187135696 [ 61 116 113]
0.08535994589328766 [ 61 116 113]
0.08535994589328766 [ 61 116 113]
0.08535994589328766 [ 61 116 113]
0.08535994589328766 [ 61 116 113]
0.08535994589328766 [ 61 116 113]
0.08535994589328766 [ 61 116 113]
0.08535994589328766 [ 61 116 113]
0.08535994589328766 [ 61 116 113]
0.07144830375909805 [103 128 121]
0.07144830375909805 [103 128 121]
0.07144830375909805 [103 128 121]
0.07144830375909805 [103 128 121]
0.07144830375909805 [103 128 121]
0.07144830375909805 [103 128 121]
0.07144830375909805 [103 128 121]
0.07144830375909805 [103 128 121]
0.07144830375909805 [103 128 121]
0.07144830375909805 [103 128 121]
ACC 0.8953722334004024
