0.1942594200372696 [ 76  89 117]
0.1942594200372696 [ 76  89 117]
0.18957345187664032 [ 83  98 112]
0.18957345187664032 [ 83  98 112]
0.18957345187664032 [ 83  98 112]
0.16104677319526672 [128 116  65]
0.16104677319526672 [128 116  65]
0.16104677319526672 [128 116  65]
0.16104677319526672 [128 116  65]
0.16104677319526672 [128 116  65]
0.16104677319526672 [128 116  65]
0.16104677319526672 [128 116  65]
0.16104677319526672 [128 116  65]
0.16104677319526672 [128 116  65]
0.16104677319526672 [128 116  65]
0.16104677319526672 [128 116  65]
0.16104677319526672 [128 116  65]
0.16104677319526672 [128 116  65]
0.16029874980449677 [ 71 128 117]
0.16029874980449677 [ 71 128 117]
0.16029874980449677 [ 71 128 117]
0.16029874980449677 [ 71 128 117]
0.16029874980449677 [ 71 128 117]
0.16029874980449677 [ 71 128 117]
0.16029874980449677 [ 71 128 117]
0.16029874980449677 [ 71 128 117]
0.16029874980449677 [ 71 128 117]
0.16029874980449677 [ 71 128 117]
0.16029874980449677 [ 71 128 117]
0.16029874980449677 [ 71 128 117]
0.16029874980449677 [ 71 128 117]
0.16029874980449677 [ 71 128 117]
0.16029874980449677 [ 71 128 117]
0.1380356252193451 [ 30 128  75]
0.1380356252193451 [ 30 128  75]
0.1380356252193451 [ 30 128  75]
0.1380356252193451 [ 30 128  75]
0.1380356252193451 [ 30 128  75]
0.1380356252193451 [ 30 128  75]
0.1380356252193451 [ 30 128  75]
ACC 0.8441814595660749
