0.977414608001709
0.8407061696052551
0.8407061696052551
0.7979799509048462
0.7979799509048462
0.7979799509048462
0.7979799509048462
0.7979799509048462
0.7979799509048462
0.7979799509048462
0.7856576442718506
0.7856576442718506
0.7856576442718506
0.7856576442718506
0.7856576442718506
0.7238206267356873
0.5864360332489014
0.5864360332489014
0.5864360332489014
0.5864360332489014
0.5864360332489014
0.5864360332489014
0.5864360332489014
0.5864360332489014
0.5864360332489014
0.5864360332489014
0.5864360332489014
0.5864360332489014
0.5864360332489014
0.5864360332489014
0.5864360332489014
0.5713871121406555
0.5713871121406555
0.5713871121406555
0.5713871121406555
0.5713871121406555
0.5713871121406555
0.5713871121406555
0.5713871121406555
0.5713871121406555
0.8038229376257545
