0.19365879893302917
0.16987399756908417
0.15349522233009338
0.13753631711006165
0.13753631711006165
0.10983642935752869
0.10983642935752869
0.10983642935752869
0.10983642935752869
0.09138904511928558
0.09138904511928558
0.09138904511928558
0.09138904511928558
0.09138904511928558
0.09138904511928558
0.09138904511928558
0.09138904511928558
0.09138904511928558
0.09138904511928558
0.09138904511928558
0.09138904511928558
0.09138904511928558
0.09138904511928558
0.08589493483304977
0.08589493483304977
0.08589493483304977
0.08589493483304977
0.08589493483304977
0.08589493483304977
0.08589493483304977
0.08589493483304977
0.08589493483304977
0.08589493483304977
0.08589493483304977
0.08589493483304977
0.08589493483304977
0.08589493483304977
0.08589493483304977
0.08589493483304977
0.08589493483304977
0.8985781990521327
