0.19718928635120392 [ 85 120  75]
0.1706271469593048 [ 39 115  74]
0.1706271469593048 [ 39 115  74]
0.1706271469593048 [ 39 115  74]
0.1706271469593048 [ 39 115  74]
0.1706271469593048 [ 39 115  74]
0.16944777965545654 [128 128  75]
0.16944777965545654 [128 128  75]
0.16944777965545654 [128 128  75]
0.16944777965545654 [128 128  75]
0.16944777965545654 [128 128  75]
0.16944777965545654 [128 128  75]
0.16944777965545654 [128 128  75]
0.16944777965545654 [128 128  75]
0.1496324986219406 [ 73  89 128]
0.13391374051570892 [ 79 128 128]
0.13391374051570892 [ 79 128 128]
0.13391374051570892 [ 79 128 128]
0.13391374051570892 [ 79 128 128]
0.13391374051570892 [ 79 128 128]
0.13391374051570892 [ 79 128 128]
0.13391374051570892 [ 79 128 128]
0.13391374051570892 [ 79 128 128]
0.13391374051570892 [ 79 128 128]
0.13391374051570892 [ 79 128 128]
0.13391374051570892 [ 79 128 128]
0.13391374051570892 [ 79 128 128]
0.13391374051570892 [ 79 128 128]
0.13391374051570892 [ 79 128 128]
0.13391374051570892 [ 79 128 128]
0.13391374051570892 [ 79 128 128]
0.13391374051570892 [ 79 128 128]
0.13391374051570892 [ 79 128 128]
0.13391374051570892 [ 79 128 128]
0.13391374051570892 [ 79 128 128]
0.13391374051570892 [ 79 128 128]
0.13391374051570892 [ 79 128 128]
0.13391374051570892 [ 79 128 128]
0.13391374051570892 [ 79 128 128]
0.13391374051570892 [ 79 128 128]
ACC 0.8745318352059925
