0.7623008489608765 [ 68 102  74]
0.7623008489608765 [ 68 102  74]
0.7623008489608765 [ 68 102  74]
0.7623008489608765 [ 68 102  74]
0.7623008489608765 [ 68 102  74]
0.7623008489608765 [ 68 102  74]
0.7623008489608765 [ 68 102  74]
0.7623008489608765 [ 68 102  74]
0.7623008489608765 [ 68 102  74]
0.7623008489608765 [ 68 102  74]
0.7623008489608765 [ 68 102  74]
0.7623008489608765 [ 68 102  74]
0.7623008489608765 [ 68 102  74]
0.7623008489608765 [ 68 102  74]
0.7623008489608765 [ 68 102  74]
0.7623008489608765 [ 68 102  74]
0.7623008489608765 [ 68 102  74]
0.7623008489608765 [ 68 102  74]
0.7623008489608765 [ 68 102  74]
0.7623008489608765 [ 68 102  74]
0.7623008489608765 [ 68 102  74]
0.7623008489608765 [ 68 102  74]
0.7623008489608765 [ 68 102  74]
0.7623008489608765 [ 68 102  74]
0.7623008489608765 [ 68 102  74]
0.7623008489608765 [ 68 102  74]
0.7623008489608765 [ 68 102  74]
0.7623008489608765 [ 68 102  74]
0.7623008489608765 [ 68 102  74]
0.7623008489608765 [ 68 102  74]
0.7623008489608765 [ 68 102  74]
0.7623008489608765 [ 68 102  74]
0.7623008489608765 [ 68 102  74]
0.7623008489608765 [ 68 102  74]
0.7623008489608765 [ 68 102  74]
0.7623008489608765 [ 68 102  74]
0.5680290460586548 [116 105  41]
0.5680290460586548 [116 105  41]
0.5680290460586548 [116 105  41]
0.5680290460586548 [116 105  41]
ACC 0.7792578496669839
