0.13277246057987213 [ 58 116 116]
0.13277246057987213 [ 58 116 116]
0.13277246057987213 [ 58 116 116]
0.13277246057987213 [ 58 116 116]
0.13277246057987213 [ 58 116 116]
0.13277246057987213 [ 58 116 116]
0.13277246057987213 [ 58 116 116]
0.13277246057987213 [ 58 116 116]
0.13277246057987213 [ 58 116 116]
0.13277246057987213 [ 58 116 116]
0.13277246057987213 [ 58 116 116]
0.13277246057987213 [ 58 116 116]
0.13277246057987213 [ 58 116 116]
0.13277246057987213 [ 58 116 116]
0.13277246057987213 [ 58 116 116]
0.13277246057987213 [ 58 116 116]
0.13277246057987213 [ 58 116 116]
0.13277246057987213 [ 58 116 116]
0.13277246057987213 [ 58 116 116]
0.13277246057987213 [ 58 116 116]
0.13277246057987213 [ 58 116 116]
0.13277246057987213 [ 58 116 116]
0.13277246057987213 [ 58 116 116]
0.13277246057987213 [ 58 116 116]
0.13277246057987213 [ 58 116 116]
0.13277246057987213 [ 58 116 116]
0.13277246057987213 [ 58 116 116]
0.13277246057987213 [ 58 116 116]
0.13277246057987213 [ 58 116 116]
0.13277246057987213 [ 58 116 116]
0.13277246057987213 [ 58 116 116]
0.13277246057987213 [ 58 116 116]
0.13277246057987213 [ 58 116 116]
0.13277246057987213 [ 58 116 116]
0.13277246057987213 [ 58 116 116]
0.13277246057987213 [ 58 116 116]
0.13277246057987213 [ 58 116 116]
0.13277246057987213 [ 58 116 116]
0.13277246057987213 [ 58 116 116]
0.13277246057987213 [ 58 116 116]
ACC 0.895870736086176
