0.9988990426063538
0.9009378552436829
0.8894116282463074
0.8428632616996765
0.7538512349128723
0.7538512349128723
0.7538512349128723
0.7538512349128723
0.5898821949958801
0.5898821949958801
0.5898821949958801
0.5898821949958801
0.5898821949958801
0.5898821949958801
0.5898821949958801
0.5898821949958801
0.5898821949958801
0.5898821949958801
0.5898821949958801
0.5898821949958801
0.5898821949958801
0.5898821949958801
0.5898821949958801
0.5898821949958801
0.5898821949958801
0.5898821949958801
0.5898821949958801
0.5898821949958801
0.5898821949958801
0.5898821949958801
0.5898821949958801
0.5898821949958801
0.5898821949958801
0.5898821949958801
0.5898821949958801
0.5898821949958801
0.5898821949958801
0.5898821949958801
0.5898821949958801
0.5898821949958801
0.7438905180840665
