0.9982408881187439
0.6870409250259399
0.6870409250259399
0.6870409250259399
0.6870409250259399
0.6870409250259399
0.6870409250259399
0.6870409250259399
0.6870409250259399
0.6870409250259399
0.6870409250259399
0.6870409250259399
0.6870409250259399
0.6870409250259399
0.6559352278709412
0.6559352278709412
0.6559352278709412
0.6559352278709412
0.6559352278709412
0.6559352278709412
0.6559352278709412
0.6559352278709412
0.6559352278709412
0.6559352278709412
0.6559352278709412
0.6559352278709412
0.6559352278709412
0.6559352278709412
0.6559352278709412
0.551458477973938
0.551458477973938
0.551458477973938
0.551458477973938
0.551458477973938
0.551458477973938
0.551458477973938
0.551458477973938
0.551458477973938
0.551458477973938
0.551458477973938
0.7414486921529175
