0.1606728881597519 [124  65  85]
0.1606728881597519 [124  65  85]
0.1606728881597519 [124  65  85]
0.1606728881597519 [124  65  85]
0.1606728881597519 [124  65  85]
0.1606728881597519 [124  65  85]
0.1606728881597519 [124  65  85]
0.1606728881597519 [124  65  85]
0.1606728881597519 [124  65  85]
0.1606728881597519 [124  65  85]
0.1606728881597519 [124  65  85]
0.1606728881597519 [124  65  85]
0.1606728881597519 [124  65  85]
0.1606728881597519 [124  65  85]
0.1475311815738678 [128  19 105]
0.1475311815738678 [128  19 105]
0.1475311815738678 [128  19 105]
0.1475311815738678 [128  19 105]
0.1475311815738678 [128  19 105]
0.1475311815738678 [128  19 105]
0.1475311815738678 [128  19 105]
0.1475311815738678 [128  19 105]
0.1475311815738678 [128  19 105]
0.1475311815738678 [128  19 105]
0.1475311815738678 [128  19 105]
0.1475311815738678 [128  19 105]
0.1475311815738678 [128  19 105]
0.1475311815738678 [128  19 105]
0.1475311815738678 [128  19 105]
0.1475311815738678 [128  19 105]
0.1475311815738678 [128  19 105]
0.1475311815738678 [128  19 105]
0.1475311815738678 [128  19 105]
0.1475311815738678 [128  19 105]
0.14018671214580536 [ 73 128 128]
0.14018671214580536 [ 73 128 128]
0.14018671214580536 [ 73 128 128]
0.14018671214580536 [ 73 128 128]
0.14018671214580536 [ 73 128 128]
0.14018671214580536 [ 73 128 128]
ACC 0.8931777378815081
