0.24378307163715363 [ 66 101 127]
0.24378307163715363 [ 66 101 127]
0.24378307163715363 [ 66 101 127]
0.24378307163715363 [ 66 101 127]
0.24378307163715363 [ 66 101 127]
0.24378307163715363 [ 66 101 127]
0.24378307163715363 [ 66 101 127]
0.24378307163715363 [ 66 101 127]
0.23827828466892242 [ 81 111 110]
0.23827828466892242 [ 81 111 110]
0.2091923952102661 [108 128  67]
0.2091923952102661 [108 128  67]
0.2091923952102661 [108 128  67]
0.2091923952102661 [108 128  67]
0.2091923952102661 [108 128  67]
0.2091923952102661 [108 128  67]
0.2091923952102661 [108 128  67]
0.2091923952102661 [108 128  67]
0.2091923952102661 [108 128  67]
0.2091923952102661 [108 128  67]
0.2091923952102661 [108 128  67]
0.2091923952102661 [108 128  67]
0.2091923952102661 [108 128  67]
0.2091923952102661 [108 128  67]
0.2091923952102661 [108 128  67]
0.2091923952102661 [108 128  67]
0.2091923952102661 [108 128  67]
0.2091923952102661 [108 128  67]
0.2091923952102661 [108 128  67]
0.2091923952102661 [108 128  67]
0.2091923952102661 [108 128  67]
0.2091923952102661 [108 128  67]
0.2091923952102661 [108 128  67]
0.2091923952102661 [108 128  67]
0.2091923952102661 [108 128  67]
0.2091923952102661 [108 128  67]
0.2091923952102661 [108 128  67]
0.2091923952102661 [108 128  67]
0.2091923952102661 [108 128  67]
0.2091923952102661 [108 128  67]
ACC 0.8653500897666068
