0.1532859355211258
0.1532859355211258
0.1220448687672615
0.1220448687672615
0.1220448687672615
0.1220448687672615
0.1220448687672615
0.1220448687672615
0.1220448687672615
0.1220448687672615
0.1220448687672615
0.1220448687672615
0.1220448687672615
0.1220448687672615
0.1220448687672615
0.1220448687672615
0.1220448687672615
0.1220448687672615
0.1220448687672615
0.1220448687672615
0.1220448687672615
0.1220448687672615
0.1220448687672615
0.1220448687672615
0.1220448687672615
0.1220448687672615
0.1220448687672615
0.1220448687672615
0.1119718998670578
0.1119718998670578
0.1119718998670578
0.1119718998670578
0.1119718998670578
0.1119718998670578
0.1119718998670578
0.1119718998670578
0.1119718998670578
0.1119718998670578
0.1119718998670578
0.1119718998670578
0.9000951474785919
