0.9118155837059021 [104  90 122]
0.7965773940086365 [104  90 122]
0.7965773940086365 [104  90 122]
0.7965773940086365 [104  90 122]
0.7950942516326904 [ 81  78 126]
0.7950942516326904 [ 81  78 126]
0.7152895927429199 [123 112 128]
0.7152895927429199 [123 112 128]
0.7152895927429199 [123 112 128]
0.7152895927429199 [123 112 128]
0.7152895927429199 [123 112 128]
0.7152895927429199 [123 112 128]
0.7152895927429199 [123 112 128]
0.7152895927429199 [123 112 128]
0.7152895927429199 [123 112 128]
0.7152895927429199 [123 112 128]
0.7152895927429199 [123 112 128]
0.7152895927429199 [123 112 128]
0.7152895927429199 [123 112 128]
0.7152895927429199 [123 112 128]
0.7152895927429199 [123 112 128]
0.7152895927429199 [123 112 128]
0.7152895927429199 [123 112 128]
0.7152895927429199 [123 112 128]
0.6611809730529785 [ 91 124  41]
0.6611809730529785 [ 91 124  41]
0.6611809730529785 [ 91 124  41]
0.6611809730529785 [ 91 124  41]
0.6611809730529785 [ 91 124  41]
0.6611809730529785 [ 91 124  41]
0.6611809730529785 [ 91 124  41]
0.6611809730529785 [ 91 124  41]
0.6611809730529785 [ 91 124  41]
0.6611809730529785 [ 91 124  41]
0.6611809730529785 [ 91 124  41]
0.6611809730529785 [ 91 124  41]
0.6611809730529785 [ 91 124  41]
0.6611809730529785 [ 91 124  41]
0.6611809730529785 [ 91 124  41]
0.6611809730529785 [ 91 124  41]
ACC 0.7782764811490126
