0.22651706635951996 [112  55  19]
0.22651706635951996 [112  55  19]
0.20398765802383423 [48 64 67]
0.20398765802383423 [48 64 67]
0.20398765802383423 [48 64 67]
0.20398765802383423 [48 64 67]
0.20398765802383423 [48 64 67]
0.20398765802383423 [48 64 67]
0.20398765802383423 [48 64 67]
0.20398765802383423 [48 64 67]
0.20398765802383423 [48 64 67]
0.20398765802383423 [48 64 67]
0.20398765802383423 [48 64 67]
0.20398765802383423 [48 64 67]
0.20398765802383423 [48 64 67]
0.20398765802383423 [48 64 67]
0.20398765802383423 [48 64 67]
0.20398765802383423 [48 64 67]
0.20398765802383423 [48 64 67]
0.20398765802383423 [48 64 67]
0.17295144498348236 [ 90 115 128]
0.17029307782649994 [ 88 128 108]
0.17029307782649994 [ 88 128 108]
0.17029307782649994 [ 88 128 108]
0.17029307782649994 [ 88 128 108]
0.17029307782649994 [ 88 128 108]
0.17029307782649994 [ 88 128 108]
0.16124364733695984 [53 81 70]
0.16124364733695984 [53 81 70]
0.16124364733695984 [53 81 70]
0.16124364733695984 [53 81 70]
0.16124364733695984 [53 81 70]
0.16124364733695984 [53 81 70]
0.16124364733695984 [53 81 70]
0.16124364733695984 [53 81 70]
0.16124364733695984 [53 81 70]
0.16124364733695984 [53 81 70]
0.16124364733695984 [53 81 70]
0.16124364733695984 [53 81 70]
0.16124364733695984 [53 81 70]
ACC 0.866112650046168
