0.14403435587882996
0.10120898485183716
0.10120898485183716
0.10120898485183716
0.09710270166397095
0.09710270166397095
0.09710270166397095
0.09710270166397095
0.09710270166397095
0.09710270166397095
0.09710270166397095
0.09710270166397095
0.09607770293951035
0.09607770293951035
0.09607770293951035
0.08501169830560684
0.08501169830560684
0.08501169830560684
0.08501169830560684
0.08501169830560684
0.08501169830560684
0.08501169830560684
0.08501169830560684
0.08501169830560684
0.08501169830560684
0.08501169830560684
0.08501169830560684
0.08501169830560684
0.08501169830560684
0.08501169830560684
0.08501169830560684
0.08501169830560684
0.08501169830560684
0.08501169830560684
0.08258482813835144
0.08258482813835144
0.08258482813835144
0.08258482813835144
0.08258482813835144
0.08258482813835144
0.884469696969697
