0.21582011878490448
0.19344308972358704
0.1780860275030136
0.1780860275030136
0.14805914461612701
0.14805914461612701
0.14805914461612701
0.14805914461612701
0.14805914461612701
0.14805914461612701
0.14805914461612701
0.14805914461612701
0.14805914461612701
0.14805914461612701
0.14805914461612701
0.14805914461612701
0.14805914461612701
0.14805914461612701
0.14805914461612701
0.14805914461612701
0.14805914461612701
0.14805914461612701
0.14805914461612701
0.14805914461612701
0.14805914461612701
0.14805914461612701
0.14805914461612701
0.14805914461612701
0.14805914461612701
0.14805914461612701
0.14805914461612701
0.14805914461612701
0.14805914461612701
0.14805914461612701
0.14805914461612701
0.14805914461612701
0.14805914461612701
0.14805914461612701
0.14805914461612701
0.14805914461612701
0.861671469740634
