0.3158925175666809 [ 76 112  61]
0.28504908084869385 [ 76 112  61]
0.28504908084869385 [ 76 112  61]
0.28504908084869385 [ 76 112  61]
0.28151628375053406 [103  55 105]
0.28151628375053406 [103  55 105]
0.28151628375053406 [103  55 105]
0.28151628375053406 [103  55 105]
0.28151628375053406 [103  55 105]
0.28151628375053406 [103  55 105]
0.28151628375053406 [103  55 105]
0.26567673683166504 [ 32 128  61]
0.26567673683166504 [ 32 128  61]
0.26567673683166504 [ 32 128  61]
0.25974997878074646 [128  89 104]
0.25974997878074646 [128  89 104]
0.25974997878074646 [128  89 104]
0.25974997878074646 [128  89 104]
0.25974997878074646 [128  89 104]
0.2496030181646347 [54 70 26]
0.2496030181646347 [54 70 26]
0.2496030181646347 [54 70 26]
0.2496030181646347 [54 70 26]
0.2496030181646347 [54 70 26]
0.2496030181646347 [54 70 26]
0.2496030181646347 [54 70 26]
0.2496030181646347 [54 70 26]
0.2496030181646347 [54 70 26]
0.2496030181646347 [54 70 26]
0.2496030181646347 [54 70 26]
0.2496030181646347 [54 70 26]
0.2496030181646347 [54 70 26]
0.2496030181646347 [54 70 26]
0.2496030181646347 [54 70 26]
0.2496030181646347 [54 70 26]
0.2496030181646347 [54 70 26]
0.2496030181646347 [54 70 26]
0.2496030181646347 [54 70 26]
0.2496030181646347 [54 70 26]
0.2496030181646347 [54 70 26]
ACC 0.8303747534516766
