0.14328236877918243 [113 123  43]
0.14328236877918243 [113 123  43]
0.14328236877918243 [113 123  43]
0.12380798161029816 [116  78  93]
0.12380798161029816 [116  78  93]
0.12380798161029816 [116  78  93]
0.12380798161029816 [116  78  93]
0.12380798161029816 [116  78  93]
0.12380798161029816 [116  78  93]
0.12380798161029816 [116  78  93]
0.12380798161029816 [116  78  93]
0.12380798161029816 [116  78  93]
0.12380798161029816 [116  78  93]
0.12380798161029816 [116  78  93]
0.12380798161029816 [116  78  93]
0.12380798161029816 [116  78  93]
0.12380798161029816 [116  78  93]
0.12380798161029816 [116  78  93]
0.12380798161029816 [116  78  93]
0.12380798161029816 [116  78  93]
0.12380798161029816 [116  78  93]
0.12380798161029816 [116  78  93]
0.12380798161029816 [116  78  93]
0.12380798161029816 [116  78  93]
0.12380798161029816 [116  78  93]
0.12380798161029816 [116  78  93]
0.12380798161029816 [116  78  93]
0.12380798161029816 [116  78  93]
0.12380798161029816 [116  78  93]
0.12380798161029816 [116  78  93]
0.12380798161029816 [116  78  93]
0.12380798161029816 [116  78  93]
0.12380798161029816 [116  78  93]
0.12380798161029816 [116  78  93]
0.12380798161029816 [116  78  93]
0.12380798161029816 [116  78  93]
0.12380798161029816 [116  78  93]
0.12380798161029816 [116  78  93]
0.12380798161029816 [116  78  93]
0.12380798161029816 [116  78  93]
ACC 0.8843058350100603
