0.9108570218086243 [ 90 116  41]
0.9108570218086243 [ 90 116  41]
0.7874743938446045 [ 79 111 102]
0.7874743938446045 [ 79 111 102]
0.7874743938446045 [ 79 111 102]
0.7807531356811523 [123  75  74]
0.7807531356811523 [123  75  74]
0.7807531356811523 [123  75  74]
0.7807531356811523 [123  75  74]
0.7807531356811523 [123  75  74]
0.7106637358665466 [128  98 118]
0.7106637358665466 [128  98 118]
0.7106637358665466 [128  98 118]
0.7106637358665466 [128  98 118]
0.7106637358665466 [128  98 118]
0.7106637358665466 [128  98 118]
0.7106637358665466 [128  98 118]
0.7106637358665466 [128  98 118]
0.7106637358665466 [128  98 118]
0.7106637358665466 [128  98 118]
0.7106637358665466 [128  98 118]
0.7106637358665466 [128  98 118]
0.7106637358665466 [128  98 118]
0.7106637358665466 [128  98 118]
0.7106637358665466 [128  98 118]
0.7106637358665466 [128  98 118]
0.7106637358665466 [128  98 118]
0.7106637358665466 [128  98 118]
0.7106637358665466 [128  98 118]
0.7106637358665466 [128  98 118]
0.7106637358665466 [128  98 118]
0.7106637358665466 [128  98 118]
0.7106637358665466 [128  98 118]
0.7106637358665466 [128  98 118]
0.7106637358665466 [128  98 118]
0.7106637358665466 [128  98 118]
0.7106637358665466 [128  98 118]
0.7106637358665466 [128  98 118]
0.7106637358665466 [128  98 118]
0.7106637358665466 [128  98 118]
ACC 0.7144194756554307
