0.24571971595287323 [ 51  89 108]
0.24571971595287323 [ 51  89 108]
0.24571971595287323 [ 51  89 108]
0.24571971595287323 [ 51  89 108]
0.24571971595287323 [ 51  89 108]
0.24571971595287323 [ 51  89 108]
0.24571971595287323 [ 51  89 108]
0.24571971595287323 [ 51  89 108]
0.24571971595287323 [ 51  89 108]
0.24571971595287323 [ 51  89 108]
0.24571971595287323 [ 51  89 108]
0.24571971595287323 [ 51  89 108]
0.19734694063663483 [128  67 128]
0.19734694063663483 [128  67 128]
0.19734694063663483 [128  67 128]
0.19734694063663483 [128  67 128]
0.19734694063663483 [128  67 128]
0.19734694063663483 [128  67 128]
0.19734694063663483 [128  67 128]
0.19734694063663483 [128  67 128]
0.19734694063663483 [128  67 128]
0.19734694063663483 [128  67 128]
0.19734694063663483 [128  67 128]
0.19734694063663483 [128  67 128]
0.19734694063663483 [128  67 128]
0.19734694063663483 [128  67 128]
0.19734694063663483 [128  67 128]
0.19734694063663483 [128  67 128]
0.19734694063663483 [128  67 128]
0.19734694063663483 [128  67 128]
0.19734694063663483 [128  67 128]
0.19734694063663483 [128  67 128]
0.19734694063663483 [128  67 128]
0.19734694063663483 [128  67 128]
0.19734694063663483 [128  67 128]
0.19734694063663483 [128  67 128]
0.19734694063663483 [128  67 128]
0.19734694063663483 [128  67 128]
0.19734694063663483 [128  67 128]
0.19734694063663483 [128  67 128]
ACC 0.8463016330451489
