0.23692892491817474
0.23692892491817474
0.23692892491817474
0.23692892491817474
0.23692892491817474
0.21044795215129852
0.21044795215129852
0.21044795215129852
0.21044795215129852
0.21044795215129852
0.21044795215129852
0.21044795215129852
0.21044795215129852
0.21044795215129852
0.21044795215129852
0.21044795215129852
0.21044795215129852
0.21044795215129852
0.21044795215129852
0.21044795215129852
0.21044795215129852
0.21044795215129852
0.21044795215129852
0.21044795215129852
0.21044795215129852
0.21044795215129852
0.21044795215129852
0.21044795215129852
0.21044795215129852
0.21044795215129852
0.21044795215129852
0.21044795215129852
0.21044795215129852
0.21044795215129852
0.21044795215129852
0.21044795215129852
0.21044795215129852
0.21044795215129852
0.21044795215129852
0.21044795215129852
0.8098591549295775
