0.2330973893404007 [ 87 128 124]
0.2330973893404007 [ 87 128 124]
0.2330973893404007 [ 87 128 124]
0.2330973893404007 [ 87 128 124]
0.2330973893404007 [ 87 128 124]
0.2330973893404007 [ 87 128 124]
0.2330973893404007 [ 87 128 124]
0.2330973893404007 [ 87 128 124]
0.2330973893404007 [ 87 128 124]
0.2330973893404007 [ 87 128 124]
0.2330973893404007 [ 87 128 124]
0.2330973893404007 [ 87 128 124]
0.2330973893404007 [ 87 128 124]
0.2330973893404007 [ 87 128 124]
0.2330973893404007 [ 87 128 124]
0.2330973893404007 [ 87 128 124]
0.2330973893404007 [ 87 128 124]
0.2330973893404007 [ 87 128 124]
0.2330973893404007 [ 87 128 124]
0.2330973893404007 [ 87 128 124]
0.2330973893404007 [ 87 128 124]
0.2330973893404007 [ 87 128 124]
0.2330973893404007 [ 87 128 124]
0.2330973893404007 [ 87 128 124]
0.22666339576244354 [128  59  63]
0.22666339576244354 [128  59  63]
0.22666339576244354 [128  59  63]
0.22666339576244354 [128  59  63]
0.22666339576244354 [128  59  63]
0.22666339576244354 [128  59  63]
0.22666339576244354 [128  59  63]
0.22666339576244354 [128  59  63]
0.22666339576244354 [128  59  63]
0.22666339576244354 [128  59  63]
0.22666339576244354 [128  59  63]
0.22666339576244354 [128  59  63]
0.22666339576244354 [128  59  63]
0.22666339576244354 [128  59  63]
0.22666339576244354 [128  59  63]
0.22666339576244354 [128  59  63]
ACC 0.8372781065088757
