1.0312668085098267
0.831416130065918
0.831416130065918
0.7890028953552246
0.7890028953552246
0.7890028953552246
0.7890028953552246
0.7890028953552246
0.7890028953552246
0.774333655834198
0.774333655834198
0.774333655834198
0.774333655834198
0.774333655834198
0.774333655834198
0.774333655834198
0.774333655834198
0.774333655834198
0.774333655834198
0.774333655834198
0.774333655834198
0.774333655834198
0.774333655834198
0.774333655834198
0.774333655834198
0.774333655834198
0.774333655834198
0.774333655834198
0.6630080938339233
0.6630080938339233
0.6630080938339233
0.6630080938339233
0.6630080938339233
0.6630080938339233
0.6630080938339233
0.6630080938339233
0.6630080938339233
0.6630080938339233
0.6630080938339233
0.6630080938339233
0.7330143540669857
