0.25988951325416565
0.25988951325416565
0.25988951325416565
0.25988951325416565
0.25988951325416565
0.25988951325416565
0.25988951325416565
0.25988951325416565
0.22028183937072754
0.22028183937072754
0.22028183937072754
0.22028183937072754
0.22028183937072754
0.22028183937072754
0.22028183937072754
0.22028183937072754
0.22028183937072754
0.22028183937072754
0.22028183937072754
0.22028183937072754
0.21203851699829102
0.21203851699829102
0.21203851699829102
0.21203851699829102
0.21203851699829102
0.21203851699829102
0.21203851699829102
0.21203851699829102
0.21203851699829102
0.21203851699829102
0.21203851699829102
0.21203851699829102
0.21203851699829102
0.21203851699829102
0.21203851699829102
0.21203851699829102
0.21203851699829102
0.21203851699829102
0.21203851699829102
0.21203851699829102
0.8363636363636363
