0.1565515697002411
0.15035153925418854
0.15035153925418854
0.15035153925418854
0.15035153925418854
0.15035153925418854
0.15035153925418854
0.15035153925418854
0.15035153925418854
0.15035153925418854
0.15035153925418854
0.11609688401222229
0.11609688401222229
0.11609688401222229
0.11609688401222229
0.11609688401222229
0.11609688401222229
0.11609688401222229
0.11609688401222229
0.11609688401222229
0.11609688401222229
0.11609688401222229
0.11609688401222229
0.11609688401222229
0.11609688401222229
0.11595556885004044
0.11595556885004044
0.11595556885004044
0.11595556885004044
0.11595556885004044
0.11595556885004044
0.11595556885004044
0.11595556885004044
0.11554498225450516
0.11554498225450516
0.11554498225450516
0.10304085910320282
0.10304085910320282
0.10304085910320282
0.10304085910320282
0.9012003693444137
