0.15778405964374542 [127 126  81]
0.15279394388198853 [50 94 30]
0.14499640464782715 [109  73 116]
0.14499640464782715 [109  73 116]
0.14499640464782715 [109  73 116]
0.12491103261709213 [77 81 96]
0.12491103261709213 [77 81 96]
0.12491103261709213 [77 81 96]
0.12491103261709213 [77 81 96]
0.12491103261709213 [77 81 96]
0.12491103261709213 [77 81 96]
0.10336214303970337 [77 84 96]
0.10336214303970337 [77 84 96]
0.10336214303970337 [77 84 96]
0.10336214303970337 [77 84 96]
0.10336214303970337 [77 84 96]
0.10336214303970337 [77 84 96]
0.10336214303970337 [77 84 96]
0.10336214303970337 [77 84 96]
0.10336214303970337 [77 84 96]
0.10336214303970337 [77 84 96]
0.08924563974142075 [ 87  41 128]
0.08924563974142075 [ 87  41 128]
0.08924563974142075 [ 87  41 128]
0.08924563974142075 [ 87  41 128]
0.08924563974142075 [ 87  41 128]
0.08525390923023224 [ 65 123  96]
0.08525390923023224 [ 65 123  96]
0.08525390923023224 [ 65 123  96]
0.08525390923023224 [ 65 123  96]
0.08525390923023224 [ 65 123  96]
0.08525390923023224 [ 65 123  96]
0.08525390923023224 [ 65 123  96]
0.08525390923023224 [ 65 123  96]
0.08525390923023224 [ 65 123  96]
0.08525390923023224 [ 65 123  96]
0.08525390923023224 [ 65 123  96]
0.08525390923023224 [ 65 123  96]
0.08525390923023224 [ 65 123  96]
0.08525390923023224 [ 65 123  96]
ACC 0.9070667957405615
