1.0168684720993042
0.8412641882896423
0.8412641882896423
0.8412641882896423
0.8412641882896423
0.8412641882896423
0.8412641882896423
0.8412641882896423
0.8412641882896423
0.8412641882896423
0.7711801528930664
0.7711801528930664
0.7711801528930664
0.7711801528930664
0.7711801528930664
0.7711801528930664
0.688312828540802
0.688312828540802
0.688312828540802
0.688312828540802
0.688312828540802
0.688312828540802
0.688312828540802
0.688312828540802
0.688312828540802
0.688312828540802
0.688312828540802
0.688312828540802
0.688312828540802
0.688312828540802
0.688312828540802
0.688312828540802
0.688312828540802
0.688312828540802
0.688312828540802
0.688312828540802
0.688312828540802
0.688312828540802
0.688312828540802
0.688312828540802
0.7038123167155426
