0.11502187699079514 [ 81 110  87]
0.11502187699079514 [ 81 110  87]
0.11502187699079514 [ 81 110  87]
0.11502187699079514 [ 81 110  87]
0.11225900053977966 [ 82  60 108]
0.11225900053977966 [ 82  60 108]
0.09975255280733109 [50 71 68]
0.09975255280733109 [50 71 68]
0.09975255280733109 [50 71 68]
0.09975255280733109 [50 71 68]
0.09975255280733109 [50 71 68]
0.09975255280733109 [50 71 68]
0.09975255280733109 [50 71 68]
0.09975255280733109 [50 71 68]
0.09975255280733109 [50 71 68]
0.09975255280733109 [50 71 68]
0.09975255280733109 [50 71 68]
0.09975255280733109 [50 71 68]
0.09975255280733109 [50 71 68]
0.09975255280733109 [50 71 68]
0.09975255280733109 [50 71 68]
0.09975255280733109 [50 71 68]
0.08857360482215881 [120 128 128]
0.08857360482215881 [120 128 128]
0.08857360482215881 [120 128 128]
0.08857360482215881 [120 128 128]
0.08857360482215881 [120 128 128]
0.08857360482215881 [120 128 128]
0.08857360482215881 [120 128 128]
0.08797769248485565 [128  40 128]
0.08797769248485565 [128  40 128]
0.08797769248485565 [128  40 128]
0.07954071462154388 [ 34 128 116]
0.07954071462154388 [ 34 128 116]
0.07954071462154388 [ 34 128 116]
0.07954071462154388 [ 34 128 116]
0.07954071462154388 [ 34 128 116]
0.07954071462154388 [ 34 128 116]
0.07954071462154388 [ 34 128 116]
0.07954071462154388 [ 34 128 116]
ACC 0.9265267175572519
