0.21897713840007782 [ 62 122   3]
0.21558727324008942 [58 63 51]
0.2053128331899643 [ 56 120  24]
0.18454571068286896 [ 80 108  28]
0.18454571068286896 [ 80 108  28]
0.18454571068286896 [ 80 108  28]
0.18454571068286896 [ 80 108  28]
0.18454571068286896 [ 80 108  28]
0.18454571068286896 [ 80 108  28]
0.18454571068286896 [ 80 108  28]
0.18454571068286896 [ 80 108  28]
0.18454571068286896 [ 80 108  28]
0.18454571068286896 [ 80 108  28]
0.18108808994293213 [128 128  89]
0.18108808994293213 [128 128  89]
0.18108808994293213 [128 128  89]
0.18108808994293213 [128 128  89]
0.1806766837835312 [52 61 89]
0.1806766837835312 [52 61 89]
0.1806766837835312 [52 61 89]
0.1806766837835312 [52 61 89]
0.1806766837835312 [52 61 89]
0.1806766837835312 [52 61 89]
0.1806766837835312 [52 61 89]
0.18015089631080627 [ 67 117  66]
0.18015089631080627 [ 67 117  66]
0.18015089631080627 [ 67 117  66]
0.18015089631080627 [ 67 117  66]
0.18015089631080627 [ 67 117  66]
0.18015089631080627 [ 67 117  66]
0.18015089631080627 [ 67 117  66]
0.18015089631080627 [ 67 117  66]
0.18015089631080627 [ 67 117  66]
0.18015089631080627 [ 67 117  66]
0.18015089631080627 [ 67 117  66]
0.18015089631080627 [ 67 117  66]
0.18015089631080627 [ 67 117  66]
0.18015089631080627 [ 67 117  66]
0.18015089631080627 [ 67 117  66]
0.18015089631080627 [ 67 117  66]
ACC 0.8599605522682445
