0.9182607531547546
0.8239380121231079
0.8239380121231079
0.8239380121231079
0.8239380121231079
0.8239380121231079
0.8239380121231079
0.8239380121231079
0.7593998312950134
0.7593998312950134
0.7593998312950134
0.7593998312950134
0.7593998312950134
0.7593998312950134
0.7593998312950134
0.7593998312950134
0.7593998312950134
0.7593998312950134
0.7593998312950134
0.7593998312950134
0.7593998312950134
0.7593998312950134
0.7593998312950134
0.7593998312950134
0.7593998312950134
0.7593998312950134
0.7593998312950134
0.7279638051986694
0.7279638051986694
0.7279638051986694
0.7279638051986694
0.7279638051986694
0.7279638051986694
0.7279638051986694
0.7279638051986694
0.7279638051986694
0.7279638051986694
0.7279638051986694
0.7279638051986694
0.7279638051986694
0.7516587677725118
