0.09629549086093903
0.09629549086093903
0.09629549086093903
0.09629549086093903
0.09629549086093903
0.09629549086093903
0.09629549086093903
0.09629549086093903
0.08746954798698425
0.08746954798698425
0.08746954798698425
0.08433282375335693
0.08433282375335693
0.08433282375335693
0.08433282375335693
0.08433282375335693
0.08433282375335693
0.08433282375335693
0.08433282375335693
0.08433282375335693
0.08433282375335693
0.08433282375335693
0.08433282375335693
0.08433282375335693
0.08433282375335693
0.08433282375335693
0.08433282375335693
0.08433282375335693
0.08433282375335693
0.08433282375335693
0.08433282375335693
0.08433282375335693
0.08433282375335693
0.08433282375335693
0.08433282375335693
0.08433282375335693
0.08433282375335693
0.08433282375335693
0.08433282375335693
0.08433282375335693
0.9087488240827846
