0.8240313529968262
0.8240313529968262
0.8240313529968262
0.8240313529968262
0.8240313529968262
0.8240313529968262
0.8240313529968262
0.7647204995155334
0.7630899548530579
0.7630899548530579
0.7630899548530579
0.7630899548530579
0.5844382047653198
0.5844382047653198
0.5844382047653198
0.5844382047653198
0.5844382047653198
0.5844382047653198
0.5844382047653198
0.5844382047653198
0.5844382047653198
0.5844382047653198
0.5844382047653198
0.5844382047653198
0.5844382047653198
0.5844382047653198
0.5844382047653198
0.5844382047653198
0.5844382047653198
0.5844382047653198
0.5844382047653198
0.5844382047653198
0.5844382047653198
0.5844382047653198
0.5844382047653198
0.5844382047653198
0.5844382047653198
0.5844382047653198
0.5844382047653198
0.5844382047653198
0.74812734082397
