0.8402678370475769 [ 79  52 111]
0.8001201152801514 [128 128  85]
0.8001201152801514 [128 128  85]
0.7089431881904602 [63 65 83]
0.7089431881904602 [63 65 83]
0.7089431881904602 [63 65 83]
0.7089431881904602 [63 65 83]
0.7089431881904602 [63 65 83]
0.7089431881904602 [63 65 83]
0.7089431881904602 [63 65 83]
0.7089431881904602 [63 65 83]
0.7089431881904602 [63 65 83]
0.7089431881904602 [63 65 83]
0.7089431881904602 [63 65 83]
0.7089431881904602 [63 65 83]
0.7089431881904602 [63 65 83]
0.7089431881904602 [63 65 83]
0.7089431881904602 [63 65 83]
0.7089431881904602 [63 65 83]
0.7089431881904602 [63 65 83]
0.7089431881904602 [63 65 83]
0.7089431881904602 [63 65 83]
0.7089431881904602 [63 65 83]
0.7089431881904602 [63 65 83]
0.7089431881904602 [63 65 83]
0.7089431881904602 [63 65 83]
0.7089431881904602 [63 65 83]
0.7089431881904602 [63 65 83]
0.7089431881904602 [63 65 83]
0.7089431881904602 [63 65 83]
0.7089431881904602 [63 65 83]
0.7089431881904602 [63 65 83]
0.7089431881904602 [63 65 83]
0.7089431881904602 [63 65 83]
0.7089431881904602 [63 65 83]
0.7089431881904602 [63 65 83]
0.7089431881904602 [63 65 83]
0.7089431881904602 [63 65 83]
0.7089431881904602 [63 65 83]
0.7089431881904602 [63 65 83]
ACC 0.7535680304471931
