0.8256160616874695
0.8256160616874695
0.8256160616874695
0.7883025407791138
0.7883025407791138
0.7883025407791138
0.7883025407791138
0.7883025407791138
0.7296865582466125
0.7296865582466125
0.7296865582466125
0.7296865582466125
0.695129930973053
0.695129930973053
0.695129930973053
0.695129930973053
0.695129930973053
0.695129930973053
0.695129930973053
0.695129930973053
0.695129930973053
0.695129930973053
0.695129930973053
0.695129930973053
0.695129930973053
0.695129930973053
0.695129930973053
0.5775465965270996
0.5775465965270996
0.5775465965270996
0.5775465965270996
0.5775465965270996
0.5775465965270996
0.5775465965270996
0.5775465965270996
0.5775465965270996
0.5775465965270996
0.5775465965270996
0.5775465965270996
0.5775465965270996
0.777120315581854
