0.23661072552204132
0.22224882245063782
0.20514462888240814
0.20514462888240814
0.20514462888240814
0.20514462888240814
0.20514462888240814
0.20501761138439178
0.20501761138439178
0.20501761138439178
0.20501761138439178
0.20501761138439178
0.20501761138439178
0.20501761138439178
0.20501761138439178
0.20501761138439178
0.20501761138439178
0.20501761138439178
0.20501761138439178
0.20501761138439178
0.20501761138439178
0.20501761138439178
0.20501761138439178
0.20501761138439178
0.20501761138439178
0.20501761138439178
0.20501761138439178
0.1898021548986435
0.1898021548986435
0.1898021548986435
0.1898021548986435
0.1898021548986435
0.1898021548986435
0.1898021548986435
0.1898021548986435
0.1898021548986435
0.1898021548986435
0.1898021548986435
0.1898021548986435
0.1898021548986435
0.8576960309777347
