0.20807157456874847
0.2018747627735138
0.19220679998397827
0.1868782937526703
0.18420541286468506
0.15535187721252441
0.15535187721252441
0.15535187721252441
0.15535187721252441
0.15535187721252441
0.15535187721252441
0.15535187721252441
0.15535187721252441
0.15535187721252441
0.15535187721252441
0.15535187721252441
0.1438148021697998
0.1438148021697998
0.1438148021697998
0.1438148021697998
0.1438148021697998
0.1438148021697998
0.1438148021697998
0.1438148021697998
0.1438148021697998
0.1438148021697998
0.1438148021697998
0.1438148021697998
0.1438148021697998
0.1438148021697998
0.1438148021697998
0.1438148021697998
0.1438148021697998
0.1438148021697998
0.1438148021697998
0.1438148021697998
0.1438148021697998
0.1438148021697998
0.1438148021697998
0.1438148021697998
0.8822966507177034
