0.22784626483917236
0.1955322027206421
0.1955322027206421
0.1955322027206421
0.1955322027206421
0.1955322027206421
0.1955322027206421
0.1955322027206421
0.1955322027206421
0.1955322027206421
0.1955322027206421
0.1955322027206421
0.18593858182430267
0.18593858182430267
0.18593858182430267
0.18593858182430267
0.18593858182430267
0.18593858182430267
0.18593858182430267
0.18593858182430267
0.18593858182430267
0.16919530928134918
0.16919530928134918
0.16919530928134918
0.16919530928134918
0.16919530928134918
0.16919530928134918
0.16919530928134918
0.16919530928134918
0.16919530928134918
0.16919530928134918
0.16919530928134918
0.16919530928134918
0.16919530928134918
0.16919530928134918
0.16919530928134918
0.16919530928134918
0.16919530928134918
0.16919530928134918
0.16919530928134918
0.8672985781990521
