0.8686357736587524 [ 69 127 115]
0.8686357736587524 [ 69 127 115]
0.5962188243865967 [88 89 49]
0.5962188243865967 [88 89 49]
0.5962188243865967 [88 89 49]
0.5391775965690613 [106 117  60]
0.5391775965690613 [106 117  60]
0.5391775965690613 [106 117  60]
0.5391775965690613 [106 117  60]
0.5391775965690613 [106 117  60]
0.5391775965690613 [106 117  60]
0.5391775965690613 [106 117  60]
0.5391775965690613 [106 117  60]
0.5391775965690613 [106 117  60]
0.5391775965690613 [106 117  60]
0.5391775965690613 [106 117  60]
0.5391775965690613 [106 117  60]
0.5391775965690613 [106 117  60]
0.5391775965690613 [106 117  60]
0.5391775965690613 [106 117  60]
0.5391775965690613 [106 117  60]
0.5391775965690613 [106 117  60]
0.5391775965690613 [106 117  60]
0.5391775965690613 [106 117  60]
0.5391775965690613 [106 117  60]
0.5391775965690613 [106 117  60]
0.5391775965690613 [106 117  60]
0.5391775965690613 [106 117  60]
0.5391775965690613 [106 117  60]
0.5391775965690613 [106 117  60]
0.5391775965690613 [106 117  60]
0.5391775965690613 [106 117  60]
0.5391775965690613 [106 117  60]
0.5391775965690613 [106 117  60]
0.5391775965690613 [106 117  60]
0.5391775965690613 [106 117  60]
0.5391775965690613 [106 117  60]
0.5391775965690613 [106 117  60]
0.5391775965690613 [106 117  60]
0.5391775965690613 [106 117  60]
ACC 0.7937625754527163
