0.19570407271385193 [127  34  83]
0.17980657517910004 [105  64  19]
0.17367278039455414 [127  68  71]
0.17367278039455414 [127  68  71]
0.17367278039455414 [127  68  71]
0.17367278039455414 [127  68  71]
0.17161038517951965 [118  13  67]
0.17161038517951965 [118  13  67]
0.17161038517951965 [118  13  67]
0.17161038517951965 [118  13  67]
0.17161038517951965 [118  13  67]
0.1663062572479248 [66 76 57]
0.1663062572479248 [66 76 57]
0.1663062572479248 [66 76 57]
0.15395420789718628 [ 80 112  78]
0.15395420789718628 [ 80 112  78]
0.15395420789718628 [ 80 112  78]
0.15395420789718628 [ 80 112  78]
0.15395420789718628 [ 80 112  78]
0.15395420789718628 [ 80 112  78]
0.15395420789718628 [ 80 112  78]
0.15395420789718628 [ 80 112  78]
0.15395420789718628 [ 80 112  78]
0.15395420789718628 [ 80 112  78]
0.15395420789718628 [ 80 112  78]
0.15395420789718628 [ 80 112  78]
0.15395420789718628 [ 80 112  78]
0.15395420789718628 [ 80 112  78]
0.15395420789718628 [ 80 112  78]
0.15395420789718628 [ 80 112  78]
0.15395420789718628 [ 80 112  78]
0.15395420789718628 [ 80 112  78]
0.15395420789718628 [ 80 112  78]
0.15395420789718628 [ 80 112  78]
0.15395420789718628 [ 80 112  78]
0.15395420789718628 [ 80 112  78]
0.15395420789718628 [ 80 112  78]
0.12859691679477692 [ 55  96 101]
0.12859691679477692 [ 55  96 101]
0.12859691679477692 [ 55  96 101]
ACC 0.8895870736086176
