0.1795930415391922
0.1795930415391922
0.1611403524875641
0.15087805688381195
0.15087805688381195
0.15087805688381195
0.15087805688381195
0.1438743621110916
0.1438743621110916
0.1438743621110916
0.1438743621110916
0.1438743621110916
0.1438743621110916
0.14201317727565765
0.14201317727565765
0.14201317727565765
0.12949462234973907
0.12949462234973907
0.12949462234973907
0.12949462234973907
0.12949462234973907
0.12949462234973907
0.12949462234973907
0.12949462234973907
0.12949462234973907
0.12949462234973907
0.12949462234973907
0.12949462234973907
0.12949462234973907
0.11089467257261276
0.11089467257261276
0.11089467257261276
0.11089467257261276
0.11089467257261276
0.11089467257261276
0.11089467257261276
0.11089467257261276
0.11089467257261276
0.11089467257261276
0.11089467257261276
0.8972407231208372
