0.2318791300058365
0.2318791300058365
0.2318791300058365
0.2264549285173416
0.2264549285173416
0.2264549285173416
0.2264549285173416
0.223103329539299
0.223103329539299
0.223103329539299
0.2090858817100525
0.2090858817100525
0.20748162269592285
0.20748162269592285
0.20748162269592285
0.20748162269592285
0.20748162269592285
0.20543694496154785
0.20543694496154785
0.20543694496154785
0.20543694496154785
0.20543694496154785
0.20165836811065674
0.20165836811065674
0.20165836811065674
0.20165836811065674
0.20165836811065674
0.20165836811065674
0.20165836811065674
0.20165836811065674
0.20165836811065674
0.20165836811065674
0.20165836811065674
0.20165836811065674
0.20165836811065674
0.19264040887355804
0.19264040887355804
0.19264040887355804
0.19264040887355804
0.19264040887355804
0.8557599225556631
