0.20708368718624115
0.20708368718624115
0.20708368718624115
0.20708368718624115
0.20708368718624115
0.20708368718624115
0.20708368718624115
0.20708368718624115
0.20708368718624115
0.20708368718624115
0.20708368718624115
0.20578165352344513
0.20578165352344513
0.20578165352344513
0.20578165352344513
0.20578165352344513
0.20578165352344513
0.20578165352344513
0.20578165352344513
0.18532225489616394
0.18532225489616394
0.18532225489616394
0.17133983969688416
0.17133983969688416
0.17133983969688416
0.17133983969688416
0.17133983969688416
0.17133983969688416
0.17133983969688416
0.17133983969688416
0.17133983969688416
0.17133983969688416
0.17133983969688416
0.17133983969688416
0.17133983969688416
0.17133983969688416
0.17133983969688416
0.17133983969688416
0.16152022778987885
0.16152022778987885
0.8954501452081317
