0.6818374991416931
0.6818374991416931
0.6818374991416931
0.6818374991416931
0.6818374991416931
0.6818374991416931
0.6818374991416931
0.6818374991416931
0.6818374991416931
0.6818374991416931
0.6818374991416931
0.6818374991416931
0.6818374991416931
0.6818374991416931
0.6818374991416931
0.6818374991416931
0.6818374991416931
0.6818374991416931
0.6818374991416931
0.6818374991416931
0.6818374991416931
0.6818374991416931
0.6818374991416931
0.6818374991416931
0.6818374991416931
0.6818374991416931
0.6818374991416931
0.6818374991416931
0.6818374991416931
0.6818374991416931
0.6818374991416931
0.6818374991416931
0.6818374991416931
0.6818374991416931
0.6818374991416931
0.6818374991416931
0.6818374991416931
0.6818374991416931
0.6818374991416931
0.6818374991416931
