0.7015970945358276 [122 113 121]
0.7015970945358276 [122 113 121]
0.7015970945358276 [122 113 121]
0.7015970945358276 [122 113 121]
0.7015970945358276 [122 113 121]
0.7015970945358276 [122 113 121]
0.7015970945358276 [122 113 121]
0.7015970945358276 [122 113 121]
0.7015970945358276 [122 113 121]
0.7015970945358276 [122 113 121]
0.7015970945358276 [122 113 121]
0.7015970945358276 [122 113 121]
0.7015970945358276 [122 113 121]
0.7015970945358276 [122 113 121]
0.7015970945358276 [122 113 121]
0.7015970945358276 [122 113 121]
0.7015970945358276 [122 113 121]
0.7015970945358276 [122 113 121]
0.7015970945358276 [122 113 121]
0.7015970945358276 [122 113 121]
0.7015970945358276 [122 113 121]
0.5676770806312561 [ 89  99 128]
0.5676770806312561 [ 89  99 128]
0.5676770806312561 [ 89  99 128]
0.5676770806312561 [ 89  99 128]
0.5676770806312561 [ 89  99 128]
0.5676770806312561 [ 89  99 128]
0.5676770806312561 [ 89  99 128]
0.5676770806312561 [ 89  99 128]
0.5676770806312561 [ 89  99 128]
0.5676770806312561 [ 89  99 128]
0.5676770806312561 [ 89  99 128]
0.5676770806312561 [ 89  99 128]
0.5676770806312561 [ 89  99 128]
0.5676770806312561 [ 89  99 128]
0.5676770806312561 [ 89  99 128]
0.5676770806312561 [ 89  99 128]
0.5676770806312561 [ 89  99 128]
0.5676770806312561 [ 89  99 128]
0.5676770806312561 [ 89  99 128]
ACC 0.7659372026641293
