0.32037511467933655
0.2579769790172577
0.2579769790172577
0.2561012804508209
0.2561012804508209
0.2561012804508209
0.22144000232219696
0.22144000232219696
0.22144000232219696
0.22144000232219696
0.22144000232219696
0.22144000232219696
0.22144000232219696
0.22144000232219696
0.22144000232219696
0.22144000232219696
0.22144000232219696
0.22144000232219696
0.22144000232219696
0.22144000232219696
0.22144000232219696
0.22144000232219696
0.22144000232219696
0.22144000232219696
0.22144000232219696
0.22144000232219696
0.22144000232219696
0.22144000232219696
0.22144000232219696
0.22144000232219696
0.22144000232219696
0.22144000232219696
0.22144000232219696
0.22144000232219696
0.22144000232219696
0.22144000232219696
0.22144000232219696
0.22144000232219696
0.22144000232219696
0.22144000232219696
0.8662477558348295
