0.22250491380691528
0.21467456221580505
0.21467456221580505
0.21467456221580505
0.1940339356660843
0.1940339356660843
0.1940339356660843
0.1940339356660843
0.1940339356660843
0.1940339356660843
0.19118191301822662
0.19118191301822662
0.19118191301822662
0.19118191301822662
0.19118191301822662
0.19118191301822662
0.19118191301822662
0.19118191301822662
0.19118191301822662
0.19118191301822662
0.19118191301822662
0.19118191301822662
0.19118191301822662
0.18256427347660065
0.18256427347660065
0.18256427347660065
0.18256427347660065
0.18256427347660065
0.18256427347660065
0.18256427347660065
0.18256427347660065
0.18256427347660065
0.18256427347660065
0.18256427347660065
0.18256427347660065
0.18256427347660065
0.18256427347660065
0.18256427347660065
0.18256427347660065
0.18256427347660065
0.8358778625954199
