0.7334637641906738
0.7334637641906738
0.5717726349830627
0.5717726349830627
0.5717726349830627
0.5717726349830627
0.5717726349830627
0.5717726349830627
0.5717726349830627
0.5717726349830627
0.5717726349830627
0.5717726349830627
0.5717726349830627
0.5717726349830627
0.5717726349830627
0.5717726349830627
0.5717726349830627
0.5717726349830627
0.5717726349830627
0.5717726349830627
0.5717726349830627
0.5717726349830627
0.5717726349830627
0.5717726349830627
0.5717726349830627
0.5717726349830627
0.5717726349830627
0.5717726349830627
0.5717726349830627
0.5086970925331116
0.5086970925331116
0.5086970925331116
0.5086970925331116
0.5086970925331116
0.5086970925331116
0.5086970925331116
0.5086970925331116
0.5086970925331116
0.5086970925331116
0.5086970925331116
0.7575757575757576
