1.000827670097351 [114  58 128]
0.7689186334609985 [115  58 104]
0.7689186334609985 [115  58 104]
0.7689186334609985 [115  58 104]
0.7689186334609985 [115  58 104]
0.7531430125236511 [114  58 128]
0.7493134140968323 [ 86  77 125]
0.7493134140968323 [ 86  77 125]
0.7493134140968323 [ 86  77 125]
0.7493134140968323 [ 86  77 125]
0.7493134140968323 [ 86  77 125]
0.7493134140968323 [ 86  77 125]
0.7493134140968323 [ 86  77 125]
0.7493134140968323 [ 86  77 125]
0.7451167702674866 [56 88 84]
0.7451167702674866 [56 88 84]
0.7451167702674866 [56 88 84]
0.7451167702674866 [56 88 84]
0.6182829141616821 [121 128  41]
0.6182829141616821 [121 128  41]
0.6182829141616821 [121 128  41]
0.6182829141616821 [121 128  41]
0.6182829141616821 [121 128  41]
0.6182829141616821 [121 128  41]
0.6182829141616821 [121 128  41]
0.6182829141616821 [121 128  41]
0.6182829141616821 [121 128  41]
0.6182829141616821 [121 128  41]
0.6182829141616821 [121 128  41]
0.6035669445991516 [128 119  83]
0.6035669445991516 [128 119  83]
0.6035669445991516 [128 119  83]
0.6035669445991516 [128 119  83]
0.6035669445991516 [128 119  83]
0.6035669445991516 [128 119  83]
0.6035669445991516 [128 119  83]
0.6035669445991516 [128 119  83]
0.6035669445991516 [128 119  83]
0.6035669445991516 [128 119  83]
0.6035669445991516 [128 119  83]
ACC 0.7648114901256733
