0.7986457347869873
0.7986457347869873
0.7986457347869873
0.7986457347869873
0.7986457347869873
0.7986457347869873
0.7986457347869873
0.7986457347869873
0.7986457347869873
0.7986457347869873
0.7986457347869873
0.7986457347869873
0.7986457347869873
0.7986457347869873
0.7986457347869873
0.7986457347869873
0.7986457347869873
0.7430776953697205
0.7430776953697205
0.7430776953697205
0.7430776953697205
0.7430776953697205
0.7430776953697205
0.7430776953697205
0.7430776953697205
0.7430776953697205
0.7430776953697205
0.7430776953697205
0.7430776953697205
0.7430776953697205
0.7430776953697205
0.7430776953697205
0.7430776953697205
0.7430776953697205
0.7430776953697205
0.7430776953697205
0.7430776953697205
0.7430776953697205
0.7430776953697205
0.7430776953697205
0.7502392344497608
