0.8687588572502136 [ 73 102 124]
0.8203234076499939 [ 68 124  74]
0.8203234076499939 [ 68 124  74]
0.8203234076499939 [ 68 124  74]
0.8203234076499939 [ 68 124  74]
0.8203234076499939 [ 68 124  74]
0.8203234076499939 [ 68 124  74]
0.8203234076499939 [ 68 124  74]
0.7166717648506165 [123 128 124]
0.7166717648506165 [123 128 124]
0.7166717648506165 [123 128 124]
0.7166717648506165 [123 128 124]
0.7166717648506165 [123 128 124]
0.7166717648506165 [123 128 124]
0.7166717648506165 [123 128 124]
0.7166717648506165 [123 128 124]
0.7166717648506165 [123 128 124]
0.7166717648506165 [123 128 124]
0.7166717648506165 [123 128 124]
0.7166717648506165 [123 128 124]
0.7166717648506165 [123 128 124]
0.7166717648506165 [123 128 124]
0.7166717648506165 [123 128 124]
0.7166717648506165 [123 128 124]
0.7166717648506165 [123 128 124]
0.7166717648506165 [123 128 124]
0.6229899525642395 [128 112  96]
0.6229899525642395 [128 112  96]
0.6229899525642395 [128 112  96]
0.6229899525642395 [128 112  96]
0.6229899525642395 [128 112  96]
0.6229899525642395 [128 112  96]
0.6229899525642395 [128 112  96]
0.6229899525642395 [128 112  96]
0.6229899525642395 [128 112  96]
0.6229899525642395 [128 112  96]
0.6229899525642395 [128 112  96]
0.6229899525642395 [128 112  96]
0.6229899525642395 [128 112  96]
0.6229899525642395 [128 112  96]
ACC 0.7617675312199808
