0.2152332365512848 [ 17 120 128]
0.2152332365512848 [ 17 120 128]
0.21416181325912476 [70 55 92]
0.19242922961711884 [ 62 104  85]
0.19242922961711884 [ 62 104  85]
0.19242922961711884 [ 62 104  85]
0.19242922961711884 [ 62 104  85]
0.19242922961711884 [ 62 104  85]
0.18268722295761108 [114 128  75]
0.18268722295761108 [114 128  75]
0.16928894817829132 [ 99 120 119]
0.16928894817829132 [ 99 120 119]
0.16692334413528442 [62 74 85]
0.16692334413528442 [62 74 85]
0.16692334413528442 [62 74 85]
0.16692334413528442 [62 74 85]
0.16692334413528442 [62 74 85]
0.16692334413528442 [62 74 85]
0.16692334413528442 [62 74 85]
0.16692334413528442 [62 74 85]
0.16692334413528442 [62 74 85]
0.16692334413528442 [62 74 85]
0.16692334413528442 [62 74 85]
0.16692334413528442 [62 74 85]
0.16692334413528442 [62 74 85]
0.16692334413528442 [62 74 85]
0.16692334413528442 [62 74 85]
0.16692334413528442 [62 74 85]
0.16692334413528442 [62 74 85]
0.16692334413528442 [62 74 85]
0.16692334413528442 [62 74 85]
0.16692334413528442 [62 74 85]
0.16692334413528442 [62 74 85]
0.16692334413528442 [62 74 85]
0.16692334413528442 [62 74 85]
0.16692334413528442 [62 74 85]
0.16692334413528442 [62 74 85]
0.16692334413528442 [62 74 85]
0.16692334413528442 [62 74 85]
0.16692334413528442 [62 74 85]
ACC 0.8658777120315582
