1.0799740552902222
1.0357550382614136
0.8881373405456543
0.8660350441932678
0.8660350441932678
0.7899779677391052
0.686052680015564
0.686052680015564
0.686052680015564
0.686052680015564
0.686052680015564
0.686052680015564
0.5303864479064941
0.5303864479064941
0.5303864479064941
0.5303864479064941
0.5303864479064941
0.5303864479064941
0.5303864479064941
0.5303864479064941
0.5303864479064941
0.5303864479064941
0.5303864479064941
0.5303864479064941
0.5303864479064941
0.5303864479064941
0.5303864479064941
0.5303864479064941
0.5303864479064941
0.5303864479064941
0.5303864479064941
0.5303864479064941
0.5303864479064941
0.5303864479064941
0.5303864479064941
0.5303864479064941
0.5303864479064941
0.5303864479064941
0.4803810119628906
0.4803810119628906
0.7967086156824782
