0.153272345662117
0.153272345662117
0.153272345662117
0.153272345662117
0.153272345662117
0.153272345662117
0.153272345662117
0.153272345662117
0.153272345662117
0.153272345662117
0.153272345662117
0.153272345662117
0.153272345662117
0.13011743128299713
0.13011743128299713
0.13011743128299713
0.13011743128299713
0.13011743128299713
0.13011743128299713
0.13011743128299713
0.13011743128299713
0.13011743128299713
0.13011743128299713
0.13011743128299713
0.13011743128299713
0.13011743128299713
0.13011743128299713
0.13011743128299713
0.13011743128299713
0.13011743128299713
0.13011743128299713
0.13011743128299713
0.13011743128299713
0.13011743128299713
0.13011743128299713
0.13011743128299713
0.13011743128299713
0.13011743128299713
0.13011743128299713
0.13011743128299713
0.8822937625754527
