1.0949352979660034 [ 79  96 119]
0.7612771391868591 [65 66 97]
0.7612771391868591 [65 66 97]
0.7361544966697693 [ 84 123  41]
0.7361544966697693 [ 84 123  41]
0.7361544966697693 [ 84 123  41]
0.5949198007583618 [65 66 97]
0.5949198007583618 [65 66 97]
0.5949198007583618 [65 66 97]
0.5949198007583618 [65 66 97]
0.5949198007583618 [65 66 97]
0.5949198007583618 [65 66 97]
0.5949198007583618 [65 66 97]
0.5949198007583618 [65 66 97]
0.5949198007583618 [65 66 97]
0.5949198007583618 [65 66 97]
0.5949198007583618 [65 66 97]
0.5949198007583618 [65 66 97]
0.5949198007583618 [65 66 97]
0.5949198007583618 [65 66 97]
0.5949198007583618 [65 66 97]
0.5949198007583618 [65 66 97]
0.5949198007583618 [65 66 97]
0.5949198007583618 [65 66 97]
0.5949198007583618 [65 66 97]
0.5949198007583618 [65 66 97]
0.5949198007583618 [65 66 97]
0.5949198007583618 [65 66 97]
0.5949198007583618 [65 66 97]
0.5949198007583618 [65 66 97]
0.5949198007583618 [65 66 97]
0.5949198007583618 [65 66 97]
0.5949198007583618 [65 66 97]
0.5949198007583618 [65 66 97]
0.5949198007583618 [65 66 97]
0.511233389377594 [97 94 94]
0.511233389377594 [97 94 94]
0.511233389377594 [97 94 94]
0.511233389377594 [97 94 94]
0.511233389377594 [97 94 94]
ACC 0.7977099236641222
