0.23786509037017822 [ 89 127  59]
0.23786509037017822 [ 89 127  59]
0.23786509037017822 [ 89 127  59]
0.2259591817855835 [124  87  18]
0.2131720930337906 [ 84 105 115]
0.2131720930337906 [ 84 105 115]
0.2131720930337906 [ 84 105 115]
0.2131720930337906 [ 84 105 115]
0.2131720930337906 [ 84 105 115]
0.2131720930337906 [ 84 105 115]
0.2131720930337906 [ 84 105 115]
0.2131720930337906 [ 84 105 115]
0.2131720930337906 [ 84 105 115]
0.2131720930337906 [ 84 105 115]
0.2131720930337906 [ 84 105 115]
0.2131720930337906 [ 84 105 115]
0.2131720930337906 [ 84 105 115]
0.2131720930337906 [ 84 105 115]
0.2131720930337906 [ 84 105 115]
0.2131720930337906 [ 84 105 115]
0.2131720930337906 [ 84 105 115]
0.2131720930337906 [ 84 105 115]
0.2131720930337906 [ 84 105 115]
0.2131720930337906 [ 84 105 115]
0.2131720930337906 [ 84 105 115]
0.2131720930337906 [ 84 105 115]
0.2131720930337906 [ 84 105 115]
0.2131720930337906 [ 84 105 115]
0.2131720930337906 [ 84 105 115]
0.2131720930337906 [ 84 105 115]
0.2131720930337906 [ 84 105 115]
0.2131720930337906 [ 84 105 115]
0.2131720930337906 [ 84 105 115]
0.2131720930337906 [ 84 105 115]
0.2131720930337906 [ 84 105 115]
0.2131720930337906 [ 84 105 115]
0.2131720930337906 [ 84 105 115]
0.2131720930337906 [ 84 105 115]
0.2131720930337906 [ 84 105 115]
0.2131720930337906 [ 84 105 115]
ACC 0.8330341113105925
