0.2517968714237213 [ 95 111  86]
0.2517968714237213 [ 95 111  86]
0.2517968714237213 [ 95 111  86]
0.2471994012594223 [ 95 111  86]
0.2471994012594223 [ 95 111  86]
0.2471994012594223 [ 95 111  86]
0.2471994012594223 [ 95 111  86]
0.2448919266462326 [ 34 106 119]
0.2448919266462326 [ 34 106 119]
0.23073986172676086 [ 65 105  97]
0.23073986172676086 [ 65 105  97]
0.2162521332502365 [ 47 128 128]
0.2162521332502365 [ 47 128 128]
0.2162521332502365 [ 47 128 128]
0.2162521332502365 [ 47 128 128]
0.2162521332502365 [ 47 128 128]
0.2162521332502365 [ 47 128 128]
0.2162521332502365 [ 47 128 128]
0.2162521332502365 [ 47 128 128]
0.2162521332502365 [ 47 128 128]
0.2162521332502365 [ 47 128 128]
0.2162521332502365 [ 47 128 128]
0.2162521332502365 [ 47 128 128]
0.2162521332502365 [ 47 128 128]
0.2162521332502365 [ 47 128 128]
0.2162521332502365 [ 47 128 128]
0.2162521332502365 [ 47 128 128]
0.2162521332502365 [ 47 128 128]
0.2162521332502365 [ 47 128 128]
0.2162521332502365 [ 47 128 128]
0.2162521332502365 [ 47 128 128]
0.2162521332502365 [ 47 128 128]
0.2162521332502365 [ 47 128 128]
0.2162521332502365 [ 47 128 128]
0.2162521332502365 [ 47 128 128]
0.2162521332502365 [ 47 128 128]
0.2162521332502365 [ 47 128 128]
0.2162521332502365 [ 47 128 128]
0.2162521332502365 [ 47 128 128]
0.2162521332502365 [ 47 128 128]
