0.3078213930130005 [ 43  71 123]
0.2611251771450043 [ 77  93 106]
0.2611251771450043 [ 77  93 106]
0.22783568501472473 [48 35 95]
0.22783568501472473 [48 35 95]
0.22783568501472473 [48 35 95]
0.22783568501472473 [48 35 95]
0.22783568501472473 [48 35 95]
0.22783568501472473 [48 35 95]
0.22783568501472473 [48 35 95]
0.22783568501472473 [48 35 95]
0.22470176219940186 [ 86 122  26]
0.21895454823970795 [ 46 117  85]
0.21895454823970795 [ 46 117  85]
0.21895454823970795 [ 46 117  85]
0.21895454823970795 [ 46 117  85]
0.21895454823970795 [ 46 117  85]
0.21895454823970795 [ 46 117  85]
0.21895454823970795 [ 46 117  85]
0.21895454823970795 [ 46 117  85]
0.21895454823970795 [ 46 117  85]
0.21895454823970795 [ 46 117  85]
0.21895454823970795 [ 46 117  85]
0.21895454823970795 [ 46 117  85]
0.21895454823970795 [ 46 117  85]
0.21895454823970795 [ 46 117  85]
0.21895454823970795 [ 46 117  85]
0.21895454823970795 [ 46 117  85]
0.21713292598724365 [ 96 128 128]
0.21713292598724365 [ 96 128 128]
0.21713292598724365 [ 96 128 128]
0.21713292598724365 [ 96 128 128]
0.21713292598724365 [ 96 128 128]
0.21713292598724365 [ 96 128 128]
0.2007187157869339 [ 45 128  76]
0.2007187157869339 [ 45 128  76]
0.2007187157869339 [ 45 128  76]
0.2007187157869339 [ 45 128  76]
0.2007187157869339 [ 45 128  76]
0.2007187157869339 [ 45 128  76]
ACC 0.8539325842696629
