0.2102367877960205
0.16347263753414154
0.16347263753414154
0.16347263753414154
0.16347263753414154
0.16347263753414154
0.16347263753414154
0.16347263753414154
0.16347263753414154
0.16347263753414154
0.16347263753414154
0.16347263753414154
0.16347263753414154
0.16347263753414154
0.16347263753414154
0.16347263753414154
0.16347263753414154
0.16347263753414154
0.16347263753414154
0.16347263753414154
0.16347263753414154
0.16347263753414154
0.16347263753414154
0.16347263753414154
0.16347263753414154
0.16347263753414154
0.16347263753414154
0.16347263753414154
0.16347263753414154
0.16347263753414154
0.16347263753414154
0.16347263753414154
0.16347263753414154
0.16347263753414154
0.16347263753414154
0.16347263753414154
0.16347263753414154
0.16347263753414154
0.16347263753414154
0.16347263753414154
0.8599605522682445
