1.187906265258789 [ 41 120 121]
0.870019257068634 [102 123  86]
0.8182888627052307 [ 80 123  42]
0.8182888627052307 [ 80 123  42]
0.7609949707984924 [102 112  86]
0.7609949707984924 [102 112  86]
0.7609949707984924 [102 112  86]
0.7609949707984924 [102 112  86]
0.7609949707984924 [102 112  86]
0.7609949707984924 [102 112  86]
0.7609949707984924 [102 112  86]
0.7609949707984924 [102 112  86]
0.7609949707984924 [102 112  86]
0.7609949707984924 [102 112  86]
0.7609949707984924 [102 112  86]
0.7609949707984924 [102 112  86]
0.7609949707984924 [102 112  86]
0.6689238548278809 [128  60  66]
0.6689238548278809 [128  60  66]
0.6689238548278809 [128  60  66]
0.6689238548278809 [128  60  66]
0.6689238548278809 [128  60  66]
0.6689238548278809 [128  60  66]
0.6689238548278809 [128  60  66]
0.6689238548278809 [128  60  66]
0.6689238548278809 [128  60  66]
0.6689238548278809 [128  60  66]
0.6689238548278809 [128  60  66]
0.6689238548278809 [128  60  66]
0.6689238548278809 [128  60  66]
0.6680393815040588 [117 128  86]
0.6680393815040588 [117 128  86]
0.6680393815040588 [117 128  86]
0.6077643632888794 [119  41  87]
0.6077643632888794 [119  41  87]
0.6077643632888794 [119  41  87]
0.6077643632888794 [119  41  87]
0.6077643632888794 [119  41  87]
0.6077643632888794 [119  41  87]
0.6077643632888794 [119  41  87]
ACC 0.7181647940074907
