0.8455104231834412
0.8455104231834412
0.8455104231834412
0.8455104231834412
0.8455104231834412
0.8455104231834412
0.8455104231834412
0.8455104231834412
0.8455104231834412
0.8455104231834412
0.8455104231834412
0.8184210062026978
0.8184210062026978
0.8184210062026978
0.8184210062026978
0.8184210062026978
0.8184210062026978
0.8184210062026978
0.8184210062026978
0.8184210062026978
0.8184210062026978
0.8184210062026978
0.8184210062026978
0.8184210062026978
0.8184210062026978
0.8184210062026978
0.8184210062026978
0.8184210062026978
0.8184210062026978
0.8184210062026978
0.8184210062026978
0.8184210062026978
0.8184210062026978
0.8184210062026978
0.8184210062026978
0.8184210062026978
0.8184210062026978
0.8184210062026978
0.6437612175941467
0.6437612175941467
0.7337723424270931
