1.0293774604797363
0.7449425458908081
0.7449425458908081
0.7449425458908081
0.7449425458908081
0.5784459710121155
0.5784459710121155
0.5784459710121155
0.5784459710121155
0.5784459710121155
0.5784459710121155
0.5784459710121155
0.5784459710121155
0.5784459710121155
0.5784459710121155
0.5784459710121155
0.5784459710121155
0.5784459710121155
0.5784459710121155
0.5784459710121155
0.5784459710121155
0.5784459710121155
0.5784459710121155
0.5784459710121155
0.5784459710121155
0.5784459710121155
0.5784459710121155
0.5784459710121155
0.5784459710121155
0.5784459710121155
0.5784459710121155
0.5784459710121155
0.5784459710121155
0.5784459710121155
0.5784459710121155
0.5784459710121155
0.5784459710121155
0.5784459710121155
0.5784459710121155
0.5784459710121155
0.7728531855955678
