0.33292466402053833 [54 58 60]
0.23055902123451233 [86 73 60]
0.23055902123451233 [86 73 60]
0.23055902123451233 [86 73 60]
0.23055902123451233 [86 73 60]
0.23055902123451233 [86 73 60]
0.23055902123451233 [86 73 60]
0.23055902123451233 [86 73 60]
0.23055902123451233 [86 73 60]
0.23055902123451233 [86 73 60]
0.23055902123451233 [86 73 60]
0.23055902123451233 [86 73 60]
0.23055902123451233 [86 73 60]
0.23055902123451233 [86 73 60]
0.23055902123451233 [86 73 60]
0.23055902123451233 [86 73 60]
0.23055902123451233 [86 73 60]
0.23055902123451233 [86 73 60]
0.23055902123451233 [86 73 60]
0.23055902123451233 [86 73 60]
0.23055902123451233 [86 73 60]
0.23055902123451233 [86 73 60]
0.23055902123451233 [86 73 60]
0.23055902123451233 [86 73 60]
0.23055902123451233 [86 73 60]
0.23055902123451233 [86 73 60]
0.23055902123451233 [86 73 60]
0.23055902123451233 [86 73 60]
0.23055902123451233 [86 73 60]
0.23055902123451233 [86 73 60]
0.21836113929748535 [ 94  81 111]
0.21836113929748535 [ 94  81 111]
0.21836113929748535 [ 94  81 111]
0.21836113929748535 [ 94  81 111]
0.21836113929748535 [ 94  81 111]
0.21836113929748535 [ 94  81 111]
0.21836113929748535 [ 94  81 111]
0.21836113929748535 [ 94  81 111]
0.21836113929748535 [ 94  81 111]
0.21836113929748535 [ 94  81 111]
ACC 0.8069164265129684
