0.18436002731323242
0.18055462837219238
0.18055462837219238
0.15134820342063904
0.14831241965293884
0.14831241965293884
0.14831241965293884
0.14831241965293884
0.14831241965293884
0.14831241965293884
0.14831241965293884
0.14831241965293884
0.14831241965293884
0.14831241965293884
0.14831241965293884
0.14831241965293884
0.14831241965293884
0.14831241965293884
0.14831241965293884
0.14831241965293884
0.14831241965293884
0.14831241965293884
0.1344228833913803
0.1344228833913803
0.1344228833913803
0.1344228833913803
0.1344228833913803
0.1344228833913803
0.1344228833913803
0.1344228833913803
0.1344228833913803
0.1344228833913803
0.1344228833913803
0.1344228833913803
0.1344228833913803
0.1344228833913803
0.1344228833913803
0.1344228833913803
0.1344228833913803
0.1344228833913803
0.8669856459330143
