0.21068619191646576 [ 57  21 118]
0.18419508635997772 [ 85 128  86]
0.16834701597690582 [ 53 100 117]
0.16834701597690582 [ 53 100 117]
0.16834701597690582 [ 53 100 117]
0.16834701597690582 [ 53 100 117]
0.16834701597690582 [ 53 100 117]
0.16834701597690582 [ 53 100 117]
0.16834701597690582 [ 53 100 117]
0.16834701597690582 [ 53 100 117]
0.16834701597690582 [ 53 100 117]
0.16834701597690582 [ 53 100 117]
0.16834701597690582 [ 53 100 117]
0.16834701597690582 [ 53 100 117]
0.16834701597690582 [ 53 100 117]
0.16834701597690582 [ 53 100 117]
0.16834701597690582 [ 53 100 117]
0.16834701597690582 [ 53 100 117]
0.15667685866355896 [ 71  47 128]
0.15667685866355896 [ 71  47 128]
0.15667685866355896 [ 71  47 128]
0.15667685866355896 [ 71  47 128]
0.15667685866355896 [ 71  47 128]
0.15667685866355896 [ 71  47 128]
0.15667685866355896 [ 71  47 128]
0.15667685866355896 [ 71  47 128]
0.15667685866355896 [ 71  47 128]
0.15667685866355896 [ 71  47 128]
0.15667685866355896 [ 71  47 128]
0.15667685866355896 [ 71  47 128]
0.15667685866355896 [ 71  47 128]
0.15667685866355896 [ 71  47 128]
0.15667685866355896 [ 71  47 128]
0.15667685866355896 [ 71  47 128]
0.15667685866355896 [ 71  47 128]
0.15667685866355896 [ 71  47 128]
0.15667685866355896 [ 71  47 128]
0.15667685866355896 [ 71  47 128]
0.15667685866355896 [ 71  47 128]
0.15667685866355896 [ 71  47 128]
ACC 0.8480885311871227
