0.7653266191482544 [ 94 100  99]
0.7653266191482544 [ 94 100  99]
0.7249525785446167 [124  76  91]
0.7249525785446167 [124  76  91]
0.7249525785446167 [124  76  91]
0.7249525785446167 [124  76  91]
0.7249525785446167 [124  76  91]
0.7249525785446167 [124  76  91]
0.7249525785446167 [124  76  91]
0.7249525785446167 [124  76  91]
0.7249525785446167 [124  76  91]
0.7249525785446167 [124  76  91]
0.7249525785446167 [124  76  91]
0.7249525785446167 [124  76  91]
0.7249525785446167 [124  76  91]
0.7249525785446167 [124  76  91]
0.7249525785446167 [124  76  91]
0.7249525785446167 [124  76  91]
0.7249525785446167 [124  76  91]
0.7249525785446167 [124  76  91]
0.7249525785446167 [124  76  91]
0.7249525785446167 [124  76  91]
0.7249525785446167 [124  76  91]
0.7249525785446167 [124  76  91]
0.7249525785446167 [124  76  91]
0.6470723748207092 [ 95 128  45]
0.6470723748207092 [ 95 128  45]
0.6470723748207092 [ 95 128  45]
0.6470723748207092 [ 95 128  45]
0.6470723748207092 [ 95 128  45]
0.6470723748207092 [ 95 128  45]
0.6470723748207092 [ 95 128  45]
0.6470723748207092 [ 95 128  45]
0.6470723748207092 [ 95 128  45]
0.6470723748207092 [ 95 128  45]
0.6470723748207092 [ 95 128  45]
0.6470723748207092 [ 95 128  45]
0.6470723748207092 [ 95 128  45]
0.6470723748207092 [ 95 128  45]
0.6470723748207092 [ 95 128  45]
ACC 0.7639810426540284
