0.23277083039283752
0.19672833383083344
0.19672833383083344
0.19615821540355682
0.17126451432704926
0.17126451432704926
0.17126451432704926
0.17126451432704926
0.17126451432704926
0.17126451432704926
0.1476978361606598
0.1476978361606598
0.1476978361606598
0.1476978361606598
0.1476978361606598
0.1476978361606598
0.1476978361606598
0.1476978361606598
0.1476978361606598
0.1476978361606598
0.1476978361606598
0.1476978361606598
0.1476978361606598
0.1476978361606598
0.1476978361606598
0.1476978361606598
0.1476978361606598
0.1476978361606598
0.1476978361606598
0.1476978361606598
0.1476978361606598
0.1476978361606598
0.1476978361606598
0.1476978361606598
0.1476978361606598
0.1476978361606598
0.1476978361606598
0.1476978361606598
0.1476978361606598
0.1476978361606598
0.883349012229539
