0.8191041946411133
0.7154967784881592
0.7154967784881592
0.7154967784881592
0.7125533819198608
0.7125533819198608
0.7125533819198608
0.7125533819198608
0.7125533819198608
0.7125533819198608
0.7125533819198608
0.695610523223877
0.695610523223877
0.695610523223877
0.695610523223877
0.695610523223877
0.6783744692802429
0.6783744692802429
0.6783744692802429
0.6783744692802429
0.6783744692802429
0.6783744692802429
0.666826069355011
0.5388433337211609
0.5388433337211609
0.5388433337211609
0.5388433337211609
0.5388433337211609
0.5388433337211609
0.5388433337211609
0.5388433337211609
0.5388433337211609
0.5388433337211609
0.5388433337211609
0.5388433337211609
0.5388433337211609
0.5388433337211609
0.5388433337211609
0.5388433337211609
0.5388433337211609
0.7935606060606061
