0.18056966364383698
0.18056966364383698
0.18056966364383698
0.18056966364383698
0.18056966364383698
0.18056966364383698
0.18056966364383698
0.18056966364383698
0.18056966364383698
0.18056966364383698
0.18056966364383698
0.18056966364383698
0.18056966364383698
0.18056966364383698
0.18056966364383698
0.18056966364383698
0.18056966364383698
0.18056966364383698
0.18056966364383698
0.18056966364383698
0.18056966364383698
0.18056966364383698
0.18056966364383698
0.18056966364383698
0.18056966364383698
0.18056966364383698
0.18056966364383698
0.18056966364383698
0.18056966364383698
0.18056966364383698
0.18056966364383698
0.18056966364383698
0.18056966364383698
0.18056966364383698
0.18056966364383698
0.18056966364383698
0.18056966364383698
0.18056966364383698
0.18056966364383698
0.18056966364383698
0.8644724104549855
