0.2242870032787323 [44 65 15]
0.2242870032787323 [44 65 15]
0.19491121172904968 [ 66 107  47]
0.1821020543575287 [75 86 99]
0.1821020543575287 [75 86 99]
0.1821020543575287 [75 86 99]
0.13077929615974426 [ 75 128  99]
0.13077929615974426 [ 75 128  99]
0.13077929615974426 [ 75 128  99]
0.13077929615974426 [ 75 128  99]
0.13077929615974426 [ 75 128  99]
0.13077929615974426 [ 75 128  99]
0.13077929615974426 [ 75 128  99]
0.13077929615974426 [ 75 128  99]
0.13077929615974426 [ 75 128  99]
0.13077929615974426 [ 75 128  99]
0.13077929615974426 [ 75 128  99]
0.13077929615974426 [ 75 128  99]
0.12354206293821335 [ 92 128 111]
0.12354206293821335 [ 92 128 111]
0.12354206293821335 [ 92 128 111]
0.12354206293821335 [ 92 128 111]
0.12354206293821335 [ 92 128 111]
0.12354206293821335 [ 92 128 111]
0.12354206293821335 [ 92 128 111]
0.12354206293821335 [ 92 128 111]
0.12354206293821335 [ 92 128 111]
0.12354206293821335 [ 92 128 111]
0.12354206293821335 [ 92 128 111]
0.12354206293821335 [ 92 128 111]
0.12354206293821335 [ 92 128 111]
0.12354206293821335 [ 92 128 111]
0.12354206293821335 [ 92 128 111]
0.12354206293821335 [ 92 128 111]
0.12354206293821335 [ 92 128 111]
0.12354206293821335 [ 92 128 111]
0.12354206293821335 [ 92 128 111]
0.12354206293821335 [ 92 128 111]
0.12354206293821335 [ 92 128 111]
0.12354206293821335 [ 92 128 111]
ACC 0.881508078994614
