0.15015029907226562 [76 38 16]
0.11038918048143387 [30 89 54]
0.11038918048143387 [30 89 54]
0.07900556176900864 [ 69  64 128]
0.07900556176900864 [ 69  64 128]
0.07900556176900864 [ 69  64 128]
0.07900556176900864 [ 69  64 128]
0.07900556176900864 [ 69  64 128]
0.07900556176900864 [ 69  64 128]
0.07900556176900864 [ 69  64 128]
0.07900556176900864 [ 69  64 128]
0.07900556176900864 [ 69  64 128]
0.07900556176900864 [ 69  64 128]
0.07900556176900864 [ 69  64 128]
0.07900556176900864 [ 69  64 128]
0.07161921262741089 [ 97 128  50]
0.07161921262741089 [ 97 128  50]
0.07161921262741089 [ 97 128  50]
0.07161921262741089 [ 97 128  50]
0.07161921262741089 [ 97 128  50]
0.07161921262741089 [ 97 128  50]
0.07161921262741089 [ 97 128  50]
0.07161921262741089 [ 97 128  50]
0.07161921262741089 [ 97 128  50]
0.07161921262741089 [ 97 128  50]
0.07161921262741089 [ 97 128  50]
0.07161921262741089 [ 97 128  50]
0.07161921262741089 [ 97 128  50]
0.07161921262741089 [ 97 128  50]
0.07161921262741089 [ 97 128  50]
0.07161921262741089 [ 97 128  50]
0.07161921262741089 [ 97 128  50]
0.07161921262741089 [ 97 128  50]
0.07161921262741089 [ 97 128  50]
0.07161921262741089 [ 97 128  50]
0.07161921262741089 [ 97 128  50]
0.07161921262741089 [ 97 128  50]
0.07161921262741089 [ 97 128  50]
0.07161921262741089 [ 97 128  50]
0.07161921262741089 [ 97 128  50]
ACC 0.9119318181818182
