0.22248373925685883
0.22248373925685883
0.22248373925685883
0.17073498666286469
0.17073498666286469
0.17073498666286469
0.17073498666286469
0.17073498666286469
0.17073498666286469
0.17073498666286469
0.17073498666286469
0.17073498666286469
0.17073498666286469
0.17073498666286469
0.17073498666286469
0.15289267897605896
0.15289267897605896
0.15289267897605896
0.15289267897605896
0.15289267897605896
0.15289267897605896
0.15289267897605896
0.15289267897605896
0.15289267897605896
0.15289267897605896
0.15289267897605896
0.15289267897605896
0.15289267897605896
0.15289267897605896
0.15289267897605896
0.15289267897605896
0.15289267897605896
0.15289267897605896
0.15289267897605896
0.15289267897605896
0.15289267897605896
0.15289267897605896
0.15289267897605896
0.15289267897605896
0.15289267897605896
0.8901515151515151
