0.9700406193733215
0.9064708352088928
0.800214409828186
0.800214409828186
0.800214409828186
0.7258011698722839
0.7258011698722839
0.7258011698722839
0.7258011698722839
0.7258011698722839
0.7258011698722839
0.7258011698722839
0.7258011698722839
0.7258011698722839
0.7258011698722839
0.7258011698722839
0.7258011698722839
0.7258011698722839
0.7258011698722839
0.7258011698722839
0.7258011698722839
0.7258011698722839
0.7258011698722839
0.7258011698722839
0.7258011698722839
0.7258011698722839
0.7258011698722839
0.7258011698722839
0.7258011698722839
0.7258011698722839
0.7258011698722839
0.7258011698722839
0.7258011698722839
0.7258011698722839
0.7258011698722839
0.7258011698722839
0.7258011698722839
0.7258011698722839
0.7258011698722839
0.7258011698722839
0.7563981042654029
