0.9710476398468018
0.6422621607780457
0.6422621607780457
0.6422621607780457
0.6422621607780457
0.6422621607780457
0.6422621607780457
0.6422621607780457
0.6422621607780457
0.6422621607780457
0.6422621607780457
0.6422621607780457
0.6422621607780457
0.6422621607780457
0.6422621607780457
0.6422621607780457
0.6422621607780457
0.6422621607780457
0.6422621607780457
0.6422621607780457
0.6422621607780457
0.6422621607780457
0.6116807460784912
0.6116807460784912
0.6116807460784912
0.6116807460784912
0.6116807460784912
0.6116807460784912
0.6116807460784912
0.6116807460784912
0.6116807460784912
0.6116807460784912
0.6116807460784912
0.6116807460784912
0.6116807460784912
0.6116807460784912
0.6116807460784912
0.6116807460784912
0.6116807460784912
0.6116807460784912
0.7655935613682092
