0.21328102052211761 [113  74  36]
0.21328102052211761 [113  74  36]
0.21328102052211761 [113  74  36]
0.21328102052211761 [113  74  36]
0.21328102052211761 [113  74  36]
0.21328102052211761 [113  74  36]
0.21328102052211761 [113  74  36]
0.21328102052211761 [113  74  36]
0.21328102052211761 [113  74  36]
0.21328102052211761 [113  74  36]
0.21328102052211761 [113  74  36]
0.21328102052211761 [113  74  36]
0.21328102052211761 [113  74  36]
0.21328102052211761 [113  74  36]
0.21328102052211761 [113  74  36]
0.21328102052211761 [113  74  36]
0.21328102052211761 [113  74  36]
0.21328102052211761 [113  74  36]
0.21328102052211761 [113  74  36]
0.21328102052211761 [113  74  36]
0.21328102052211761 [113  74  36]
0.21328102052211761 [113  74  36]
0.21328102052211761 [113  74  36]
0.21328102052211761 [113  74  36]
0.21328102052211761 [113  74  36]
0.21328102052211761 [113  74  36]
0.21328102052211761 [113  74  36]
0.21328102052211761 [113  74  36]
0.21328102052211761 [113  74  36]
0.21328102052211761 [113  74  36]
0.21328102052211761 [113  74  36]
0.21328102052211761 [113  74  36]
0.21328102052211761 [113  74  36]
0.21328102052211761 [113  74  36]
0.21328102052211761 [113  74  36]
0.21328102052211761 [113  74  36]
0.21328102052211761 [113  74  36]
0.21328102052211761 [113  74  36]
0.21328102052211761 [113  74  36]
0.21328102052211761 [113  74  36]
ACC 0.8599640933572711
