0.2139420211315155 [ 50 119   5]
0.19627858698368073 [113  40  71]
0.18925456702709198 [113  74  71]
0.1885184645652771 [ 94  65 128]
0.1885184645652771 [ 94  65 128]
0.15133710205554962 [ 87 128 117]
0.15133710205554962 [ 87 128 117]
0.15133710205554962 [ 87 128 117]
0.15133710205554962 [ 87 128 117]
0.15133710205554962 [ 87 128 117]
0.15133710205554962 [ 87 128 117]
0.15133710205554962 [ 87 128 117]
0.15133710205554962 [ 87 128 117]
0.12534412741661072 [128  95 128]
0.12534412741661072 [128  95 128]
0.12534412741661072 [128  95 128]
0.12534412741661072 [128  95 128]
0.12534412741661072 [128  95 128]
0.12534412741661072 [128  95 128]
0.12534412741661072 [128  95 128]
0.12534412741661072 [128  95 128]
0.12534412741661072 [128  95 128]
0.12534412741661072 [128  95 128]
0.12534412741661072 [128  95 128]
0.12534412741661072 [128  95 128]
0.12534412741661072 [128  95 128]
0.12534412741661072 [128  95 128]
0.12534412741661072 [128  95 128]
0.12534412741661072 [128  95 128]
0.12534412741661072 [128  95 128]
0.12534412741661072 [128  95 128]
0.12534412741661072 [128  95 128]
0.12534412741661072 [128  95 128]
0.12534412741661072 [128  95 128]
0.12534412741661072 [128  95 128]
0.12534412741661072 [128  95 128]
0.12534412741661072 [128  95 128]
0.12534412741661072 [128  95 128]
0.12534412741661072 [128  95 128]
0.12534412741661072 [128  95 128]
ACC 0.9094567404426559
