0.17087091505527496
0.15990526974201202
0.15990526974201202
0.12477125227451324
0.12157566845417023
0.12157566845417023
0.12157566845417023
0.12157566845417023
0.11834149062633514
0.11834149062633514
0.11834149062633514
0.11834149062633514
0.11834149062633514
0.11834149062633514
0.11834149062633514
0.11834149062633514
0.11834149062633514
0.11834149062633514
0.11834149062633514
0.11834149062633514
0.11834149062633514
0.11834149062633514
0.11834149062633514
0.10151886940002441
0.10151886940002441
0.10151886940002441
0.10151886940002441
0.10151886940002441
0.10151886940002441
0.10151886940002441
0.10151886940002441
0.10151886940002441
0.10151886940002441
0.10151886940002441
0.10151886940002441
0.10151886940002441
0.10151886940002441
0.10151886940002441
0.10151886940002441
0.10151886940002441
0.9080348499515973
