0.22377769649028778 [ 49 117 125]
0.22377769649028778 [ 49 117 125]
0.22377769649028778 [ 49 117 125]
0.22377769649028778 [ 49 117 125]
0.22377769649028778 [ 49 117 125]
0.22377769649028778 [ 49 117 125]
0.22377769649028778 [ 49 117 125]
0.22377769649028778 [ 49 117 125]
0.22377769649028778 [ 49 117 125]
0.22377769649028778 [ 49 117 125]
0.22377769649028778 [ 49 117 125]
0.22377769649028778 [ 49 117 125]
0.22377769649028778 [ 49 117 125]
0.22377769649028778 [ 49 117 125]
0.22377769649028778 [ 49 117 125]
0.22377769649028778 [ 49 117 125]
0.22377769649028778 [ 49 117 125]
0.22377769649028778 [ 49 117 125]
0.22377769649028778 [ 49 117 125]
0.22377769649028778 [ 49 117 125]
0.22377769649028778 [ 49 117 125]
0.2217719852924347 [93 84 56]
0.2217719852924347 [93 84 56]
0.2217719852924347 [93 84 56]
0.2217719852924347 [93 84 56]
0.2217719852924347 [93 84 56]
0.2217719852924347 [93 84 56]
0.2217719852924347 [93 84 56]
0.2217719852924347 [93 84 56]
0.2217719852924347 [93 84 56]
0.2217719852924347 [93 84 56]
0.2217719852924347 [93 84 56]
0.2217719852924347 [93 84 56]
0.2217719852924347 [93 84 56]
0.2217719852924347 [93 84 56]
0.2217719852924347 [93 84 56]
0.2217719852924347 [93 84 56]
0.2217719852924347 [93 84 56]
0.2217719852924347 [93 84 56]
0.2217719852924347 [93 84 56]
ACC 0.8267942583732057
