0.218813955783844 [112  68  16]
0.1807950884103775 [ 42 113  91]
0.1807950884103775 [ 42 113  91]
0.1807950884103775 [ 42 113  91]
0.1807950884103775 [ 42 113  91]
0.1807950884103775 [ 42 113  91]
0.1807950884103775 [ 42 113  91]
0.17121510207653046 [128 128  19]
0.17121510207653046 [128 128  19]
0.17121510207653046 [128 128  19]
0.17121510207653046 [128 128  19]
0.17121510207653046 [128 128  19]
0.17121510207653046 [128 128  19]
0.17121510207653046 [128 128  19]
0.17121510207653046 [128 128  19]
0.17121510207653046 [128 128  19]
0.17121510207653046 [128 128  19]
0.17121510207653046 [128 128  19]
0.17121510207653046 [128 128  19]
0.17121510207653046 [128 128  19]
0.17121510207653046 [128 128  19]
0.17121510207653046 [128 128  19]
0.17121510207653046 [128 128  19]
0.17121510207653046 [128 128  19]
0.17121510207653046 [128 128  19]
0.17121510207653046 [128 128  19]
0.17121510207653046 [128 128  19]
0.17121510207653046 [128 128  19]
0.17121510207653046 [128 128  19]
0.17121510207653046 [128 128  19]
0.16296406090259552 [123 121  81]
0.16296406090259552 [123 121  81]
0.16296406090259552 [123 121  81]
0.16296406090259552 [123 121  81]
0.16296406090259552 [123 121  81]
0.16296406090259552 [123 121  81]
0.16296406090259552 [123 121  81]
0.16296406090259552 [123 121  81]
0.16296406090259552 [123 121  81]
0.16296406090259552 [123 121  81]
ACC 0.865530303030303
