0.22658124566078186 [70  6 78]
0.22658124566078186 [70  6 78]
0.1990375816822052 [ 34  66 111]
0.19347088038921356 [103 100  52]
0.19347088038921356 [103 100  52]
0.1724528670310974 [ 42 100  65]
0.1724528670310974 [ 42 100  65]
0.1724528670310974 [ 42 100  65]
0.1724528670310974 [ 42 100  65]
0.1724528670310974 [ 42 100  65]
0.1724528670310974 [ 42 100  65]
0.1724528670310974 [ 42 100  65]
0.1724528670310974 [ 42 100  65]
0.1724528670310974 [ 42 100  65]
0.1724528670310974 [ 42 100  65]
0.1724528670310974 [ 42 100  65]
0.1724528670310974 [ 42 100  65]
0.1724528670310974 [ 42 100  65]
0.1724528670310974 [ 42 100  65]
0.1724528670310974 [ 42 100  65]
0.1724528670310974 [ 42 100  65]
0.1724528670310974 [ 42 100  65]
0.1724528670310974 [ 42 100  65]
0.1724528670310974 [ 42 100  65]
0.1724528670310974 [ 42 100  65]
0.1724528670310974 [ 42 100  65]
0.1724528670310974 [ 42 100  65]
0.1724528670310974 [ 42 100  65]
0.1724528670310974 [ 42 100  65]
0.1724528670310974 [ 42 100  65]
0.1724528670310974 [ 42 100  65]
0.1724528670310974 [ 42 100  65]
0.1724528670310974 [ 42 100  65]
0.1724528670310974 [ 42 100  65]
0.1724528670310974 [ 42 100  65]
0.1724528670310974 [ 42 100  65]
0.1724528670310974 [ 42 100  65]
0.1724528670310974 [ 42 100  65]
0.1724528670310974 [ 42 100  65]
0.1724528670310974 [ 42 100  65]
ACC 0.8651911468812877
