0.16527363657951355
0.16278675198554993
0.16045108437538147
0.16045108437538147
0.12568342685699463
0.12568342685699463
0.12568342685699463
0.12128128111362457
0.12128128111362457
0.12128128111362457
0.12128128111362457
0.12128128111362457
0.12128128111362457
0.11950583755970001
0.11950583755970001
0.11950583755970001
0.11950583755970001
0.11950583755970001
0.11950583755970001
0.11950583755970001
0.11950583755970001
0.11950583755970001
0.11950583755970001
0.11950583755970001
0.11950583755970001
0.11839030683040619
0.11839030683040619
0.11839030683040619
0.11839030683040619
0.11839030683040619
0.11839030683040619
0.11680400371551514
0.09573634713888168
0.09573634713888168
0.09573634713888168
0.09573634713888168
0.09573634713888168
0.09573634713888168
0.09573634713888168
0.09573634713888168
0.8900473933649289
