0.6290280818939209
0.6290280818939209
0.6290280818939209
0.6290280818939209
0.6290280818939209
0.6290280818939209
0.6290280818939209
0.6290280818939209
0.6290280818939209
0.6290280818939209
0.6290280818939209
0.6290280818939209
0.6290280818939209
0.6290280818939209
0.6290280818939209
0.6290280818939209
0.6290280818939209
0.6290280818939209
0.6290280818939209
0.6290280818939209
0.6290280818939209
0.6290280818939209
0.6290280818939209
0.6290280818939209
0.6290280818939209
0.6290280818939209
0.6290280818939209
0.6290280818939209
0.6290280818939209
0.6290280818939209
0.6290280818939209
0.6290280818939209
0.6290280818939209
0.6290280818939209
0.6290280818939209
0.6290280818939209
0.6290280818939209
0.6290280818939209
0.6290280818939209
0.6290280818939209
0.7545271629778671
