0.3295195996761322
0.3002496361732483
0.2842639684677124
0.24698948860168457
0.24698948860168457
0.24698948860168457
0.24698948860168457
0.24698948860168457
0.24698948860168457
0.24698948860168457
0.24698948860168457
0.24698948860168457
0.24698948860168457
0.24698948860168457
0.24698948860168457
0.24698948860168457
0.24698948860168457
0.24698948860168457
0.24698948860168457
0.24698948860168457
0.24698948860168457
0.24698948860168457
0.24698948860168457
0.24698948860168457
0.24698948860168457
0.24698948860168457
0.22483156621456146
0.22483156621456146
0.22483156621456146
0.22483156621456146
0.22483156621456146
0.22483156621456146
0.22483156621456146
0.22483156621456146
0.22483156621456146
0.22483156621456146
0.22483156621456146
0.22483156621456146
0.22483156621456146
0.22483156621456146
0.8280499519692603
