0.09589525312185287 [ 92 107  96]
0.09414216876029968 [ 62 128 115]
0.09414216876029968 [ 62 128 115]
0.08236478269100189 [ 77 128  58]
0.08236478269100189 [ 77 128  58]
0.08236478269100189 [ 77 128  58]
0.08236478269100189 [ 77 128  58]
0.08236478269100189 [ 77 128  58]
0.08236478269100189 [ 77 128  58]
0.08236478269100189 [ 77 128  58]
0.08236478269100189 [ 77 128  58]
0.08236478269100189 [ 77 128  58]
0.08236478269100189 [ 77 128  58]
0.08236478269100189 [ 77 128  58]
0.08236478269100189 [ 77 128  58]
0.08236478269100189 [ 77 128  58]
0.08236478269100189 [ 77 128  58]
0.08236478269100189 [ 77 128  58]
0.08236478269100189 [ 77 128  58]
0.08236478269100189 [ 77 128  58]
0.08236478269100189 [ 77 128  58]
0.08236478269100189 [ 77 128  58]
0.08236478269100189 [ 77 128  58]
0.08236478269100189 [ 77 128  58]
0.08236478269100189 [ 77 128  58]
0.08236478269100189 [ 77 128  58]
0.08236478269100189 [ 77 128  58]
0.08236478269100189 [ 77 128  58]
0.08236478269100189 [ 77 128  58]
0.08236478269100189 [ 77 128  58]
0.08236478269100189 [ 77 128  58]
0.08236478269100189 [ 77 128  58]
0.08236478269100189 [ 77 128  58]
0.08236478269100189 [ 77 128  58]
0.08236478269100189 [ 77 128  58]
0.08236478269100189 [ 77 128  58]
0.08236478269100189 [ 77 128  58]
0.08236478269100189 [ 77 128  58]
0.08236478269100189 [ 77 128  58]
0.08236478269100189 [ 77 128  58]
ACC 0.9295774647887324
