0.7912518382072449 [ 92 107  76]
0.7912518382072449 [ 92 107  76]
0.6563979387283325 [ 70 128  83]
0.6563979387283325 [ 70 128  83]
0.6563979387283325 [ 70 128  83]
0.6563979387283325 [ 70 128  83]
0.6563979387283325 [ 70 128  83]
0.6563979387283325 [ 70 128  83]
0.6563979387283325 [ 70 128  83]
0.6563979387283325 [ 70 128  83]
0.6563979387283325 [ 70 128  83]
0.6563979387283325 [ 70 128  83]
0.6563979387283325 [ 70 128  83]
0.6563979387283325 [ 70 128  83]
0.6563979387283325 [ 70 128  83]
0.6563979387283325 [ 70 128  83]
0.6563979387283325 [ 70 128  83]
0.6563979387283325 [ 70 128  83]
0.6563979387283325 [ 70 128  83]
0.6563979387283325 [ 70 128  83]
0.6325827836990356 [119 128  78]
0.6325827836990356 [119 128  78]
0.6325827836990356 [119 128  78]
0.6325827836990356 [119 128  78]
0.6325827836990356 [119 128  78]
0.6325827836990356 [119 128  78]
0.6325827836990356 [119 128  78]
0.6325827836990356 [119 128  78]
0.6325827836990356 [119 128  78]
0.6325827836990356 [119 128  78]
0.6325827836990356 [119 128  78]
0.6325827836990356 [119 128  78]
0.6325827836990356 [119 128  78]
0.6325827836990356 [119 128  78]
0.6325827836990356 [119 128  78]
0.6325827836990356 [119 128  78]
0.6325827836990356 [119 128  78]
0.6325827836990356 [119 128  78]
0.6325827836990356 [119 128  78]
0.6325827836990356 [119 128  78]
ACC 0.74812734082397
