0.8652106523513794
0.8600857257843018
0.8600857257843018
0.8600857257843018
0.7766687273979187
0.7574329376220703
0.7574329376220703
0.7574329376220703
0.7574329376220703
0.7574329376220703
0.7574329376220703
0.6918249130249023
0.6918249130249023
0.6918249130249023
0.6918249130249023
0.6918249130249023
0.6918249130249023
0.6918249130249023
0.6918249130249023
0.6918249130249023
0.6918249130249023
0.6598083972930908
0.6598083972930908
0.6598083972930908
0.6598083972930908
0.6598083972930908
0.6598083972930908
0.6598083972930908
0.5785337686538696
0.5785337686538696
0.5785337686538696
0.5785337686538696
0.5785337686538696
0.5785337686538696
0.5785337686538696
0.5785337686538696
0.5785337686538696
0.5785337686538696
0.4813227951526642
0.4813227951526642
0.8116079923882017
