0.20749548077583313
0.20749548077583313
0.1745760142803192
0.1745760142803192
0.1745760142803192
0.1745760142803192
0.1745760142803192
0.1745760142803192
0.1745760142803192
0.1745760142803192
0.1745760142803192
0.1745760142803192
0.1745760142803192
0.1745760142803192
0.1745760142803192
0.1745760142803192
0.1745760142803192
0.1745760142803192
0.16481812298297882
0.16481812298297882
0.16481812298297882
0.16481812298297882
0.16481812298297882
0.16481812298297882
0.16481812298297882
0.16481812298297882
0.16481812298297882
0.16481812298297882
0.16481812298297882
0.16462838649749756
0.16462838649749756
0.16462838649749756
0.16462838649749756
0.16462838649749756
0.16462838649749756
0.16462838649749756
0.16462838649749756
0.16462838649749756
0.16462838649749756
0.16462838649749756
0.8623595505617978
