0.6801285147666931 [114 128 109]
0.6801285147666931 [114 128 109]
0.6801285147666931 [114 128 109]
0.6801285147666931 [114 128 109]
0.6801285147666931 [114 128 109]
0.6801285147666931 [114 128 109]
0.6801285147666931 [114 128 109]
0.6801285147666931 [114 128 109]
0.6801285147666931 [114 128 109]
0.6801285147666931 [114 128 109]
0.6801285147666931 [114 128 109]
0.6801285147666931 [114 128 109]
0.6801285147666931 [114 128 109]
0.6801285147666931 [114 128 109]
0.6801285147666931 [114 128 109]
0.6801285147666931 [114 128 109]
0.6801285147666931 [114 128 109]
0.6801285147666931 [114 128 109]
0.6801285147666931 [114 128 109]
0.6801285147666931 [114 128 109]
0.6801285147666931 [114 128 109]
0.6801285147666931 [114 128 109]
0.6801285147666931 [114 128 109]
0.6801285147666931 [114 128 109]
0.6801285147666931 [114 128 109]
0.6801285147666931 [114 128 109]
0.6801285147666931 [114 128 109]
0.6801285147666931 [114 128 109]
0.6801285147666931 [114 128 109]
0.6801285147666931 [114 128 109]
0.6801285147666931 [114 128 109]
0.6801285147666931 [114 128 109]
0.6801285147666931 [114 128 109]
0.6801285147666931 [114 128 109]
0.6801285147666931 [114 128 109]
0.6801285147666931 [114 128 109]
0.6801285147666931 [114 128 109]
0.6801285147666931 [114 128 109]
0.6801285147666931 [114 128 109]
0.6801285147666931 [114 128 109]
ACC 0.747867298578199
