0.7991814017295837
0.7991814017295837
0.7991814017295837
0.7991814017295837
0.5753108859062195
0.5753108859062195
0.5753108859062195
0.5753108859062195
0.5753108859062195
0.5753108859062195
0.5753108859062195
0.5753108859062195
0.5753108859062195
0.5753108859062195
0.5753108859062195
0.5753108859062195
0.5753108859062195
0.5753108859062195
0.5753108859062195
0.5753108859062195
0.5753108859062195
0.5753108859062195
0.5753108859062195
0.5753108859062195
0.5753108859062195
0.5753108859062195
0.5753108859062195
0.5753108859062195
0.5753108859062195
0.5753108859062195
0.5753108859062195
0.5753108859062195
0.5753108859062195
0.5753108859062195
0.5753108859062195
0.5753108859062195
0.5753108859062195
0.5753108859062195
0.5753108859062195
0.5753108859062195
0.7534626038781164
