0.9827264547348022
0.7046398520469666
0.7046398520469666
0.7046398520469666
0.7046398520469666
0.7046398520469666
0.7046398520469666
0.7046398520469666
0.7046398520469666
0.7046398520469666
0.7046398520469666
0.7046398520469666
0.7046398520469666
0.7046398520469666
0.7046398520469666
0.7046398520469666
0.7046398520469666
0.7046398520469666
0.6282362341880798
0.6282362341880798
0.6282362341880798
0.6282362341880798
0.6282362341880798
0.6282362341880798
0.6282362341880798
0.6282362341880798
0.6282362341880798
0.6282362341880798
0.6282362341880798
0.6282362341880798
0.6282362341880798
0.6282362341880798
0.6282362341880798
0.6282362341880798
0.5870843529701233
0.584350049495697
0.584350049495697
0.584350049495697
0.584350049495697
0.584350049495697
0.7562326869806094
