0.19816546142101288
0.19816546142101288
0.19816546142101288
0.19816546142101288
0.19816546142101288
0.19816546142101288
0.19816546142101288
0.19816546142101288
0.19816546142101288
0.19816546142101288
0.19816546142101288
0.19816546142101288
0.19816546142101288
0.19816546142101288
0.19816546142101288
0.19816546142101288
0.19816546142101288
0.19816546142101288
0.19816546142101288
0.19816546142101288
0.19816546142101288
0.19816546142101288
0.19816546142101288
0.19816546142101288
0.19816546142101288
0.19816546142101288
0.19816546142101288
0.19816546142101288
0.19816546142101288
0.19816546142101288
0.19816546142101288
0.19816546142101288
0.19816546142101288
0.19816546142101288
0.19816546142101288
0.19816546142101288
0.19816546142101288
0.19816546142101288
0.19816546142101288
0.19816546142101288
0.8583732057416268
