0.14082728326320648 [ 81 122 104]
0.14082728326320648 [ 81 122 104]
0.14082728326320648 [ 81 122 104]
0.14082728326320648 [ 81 122 104]
0.14082728326320648 [ 81 122 104]
0.14082728326320648 [ 81 122 104]
0.14082728326320648 [ 81 122 104]
0.14082728326320648 [ 81 122 104]
0.14082728326320648 [ 81 122 104]
0.14082728326320648 [ 81 122 104]
0.14082728326320648 [ 81 122 104]
0.14082728326320648 [ 81 122 104]
0.14082728326320648 [ 81 122 104]
0.14082728326320648 [ 81 122 104]
0.12441704422235489 [128 128 105]
0.12441704422235489 [128 128 105]
0.12441704422235489 [128 128 105]
0.12441704422235489 [128 128 105]
0.12441704422235489 [128 128 105]
0.12441704422235489 [128 128 105]
0.12441704422235489 [128 128 105]
0.12441704422235489 [128 128 105]
0.12441704422235489 [128 128 105]
0.12441704422235489 [128 128 105]
0.12408123165369034 [ 75 108 128]
0.12408123165369034 [ 75 108 128]
0.12408123165369034 [ 75 108 128]
0.12408123165369034 [ 75 108 128]
0.12408123165369034 [ 75 108 128]
0.12408123165369034 [ 75 108 128]
0.12408123165369034 [ 75 108 128]
0.12408123165369034 [ 75 108 128]
0.12408123165369034 [ 75 108 128]
0.12408123165369034 [ 75 108 128]
0.12408123165369034 [ 75 108 128]
0.12408123165369034 [ 75 108 128]
0.12408123165369034 [ 75 108 128]
0.12408123165369034 [ 75 108 128]
0.12408123165369034 [ 75 108 128]
0.12408123165369034 [ 75 108 128]
ACC 0.8812877263581489
