0.21730953454971313
0.20734164118766785
0.20734164118766785
0.20734164118766785
0.20734164118766785
0.17636974155902863
0.17636974155902863
0.17636974155902863
0.17636974155902863
0.17636974155902863
0.17636974155902863
0.17636974155902863
0.17636974155902863
0.17636974155902863
0.17636974155902863
0.17636974155902863
0.17636974155902863
0.17636974155902863
0.17636974155902863
0.17636974155902863
0.17636974155902863
0.17636974155902863
0.17636974155902863
0.17636974155902863
0.16916680335998535
0.16916680335998535
0.16916680335998535
0.16916680335998535
0.16916680335998535
0.16916680335998535
0.16916680335998535
0.16916680335998535
0.16916680335998535
0.16916680335998535
0.16916680335998535
0.16916680335998535
0.16916680335998535
0.16713759303092957
0.16713759303092957
0.16713759303092957
