1.0689194202423096
0.9629400372505188
0.778407633304596
0.778407633304596
0.778407633304596
0.778407633304596
0.778407633304596
0.778407633304596
0.778407633304596
0.778407633304596
0.6178938746452332
0.6178938746452332
0.6178938746452332
0.6178938746452332
0.6178938746452332
0.6178938746452332
0.6178938746452332
0.6178938746452332
0.6178938746452332
0.6178938746452332
0.6178938746452332
0.6178938746452332
0.6178938746452332
0.6178938746452332
0.6178938746452332
0.6178938746452332
0.6178938746452332
0.6178938746452332
0.6178938746452332
0.6178938746452332
0.6178938746452332
0.6178938746452332
0.6178938746452332
0.6178938746452332
0.6178938746452332
0.6178938746452332
0.6178938746452332
0.6178938746452332
0.6178938746452332
0.6178938746452332
0.7406311637080868
