0.10351797938346863 [117 121  93]
0.10351797938346863 [117 121  93]
0.10351797938346863 [117 121  93]
0.10351797938346863 [117 121  93]
0.10351797938346863 [117 121  93]
0.10351797938346863 [117 121  93]
0.10351797938346863 [117 121  93]
0.10351797938346863 [117 121  93]
0.10351797938346863 [117 121  93]
0.10351797938346863 [117 121  93]
0.10351797938346863 [117 121  93]
0.10351797938346863 [117 121  93]
0.09316450357437134 [ 35 114  63]
0.09040284901857376 [117 114  93]
0.09040284901857376 [117 114  93]
0.09040284901857376 [117 114  93]
0.09040284901857376 [117 114  93]
0.09040284901857376 [117 114  93]
0.09040284901857376 [117 114  93]
0.09040284901857376 [117 114  93]
0.09040284901857376 [117 114  93]
0.09040284901857376 [117 114  93]
0.09040284901857376 [117 114  93]
0.09040284901857376 [117 114  93]
0.09040284901857376 [117 114  93]
0.09040284901857376 [117 114  93]
0.09040284901857376 [117 114  93]
0.09040284901857376 [117 114  93]
0.09040284901857376 [117 114  93]
0.09040284901857376 [117 114  93]
0.09040284901857376 [117 114  93]
0.09040284901857376 [117 114  93]
0.08535846322774887 [ 65  88 128]
0.08535846322774887 [ 65  88 128]
0.08535846322774887 [ 65  88 128]
0.08458506315946579 [ 98 112  75]
0.08458506315946579 [ 98 112  75]
0.08458506315946579 [ 98 112  75]
0.08458506315946579 [ 98 112  75]
0.08217738568782806 [ 65  88 128]
ACC 0.9256820319849483
