0.21520422399044037 [ 62 105  79]
0.1965252310037613 [ 65 109  93]
0.19229361414909363 [ 86 124  93]
0.18820109963417053 [ 62 128  79]
0.18820109963417053 [ 62 128  79]
0.18496160209178925 [104  96  74]
0.18420271575450897 [ 86 128  93]
0.1484808623790741 [ 63 125 128]
0.1484808623790741 [ 63 125 128]
0.1484808623790741 [ 63 125 128]
0.1484808623790741 [ 63 125 128]
0.1484808623790741 [ 63 125 128]
0.1484808623790741 [ 63 125 128]
0.1484808623790741 [ 63 125 128]
0.1484808623790741 [ 63 125 128]
0.1484808623790741 [ 63 125 128]
0.1484808623790741 [ 63 125 128]
0.1484808623790741 [ 63 125 128]
0.1484808623790741 [ 63 125 128]
0.1484808623790741 [ 63 125 128]
0.1484808623790741 [ 63 125 128]
0.1484808623790741 [ 63 125 128]
0.1484808623790741 [ 63 125 128]
0.1484808623790741 [ 63 125 128]
0.1484808623790741 [ 63 125 128]
0.1484808623790741 [ 63 125 128]
0.1484808623790741 [ 63 125 128]
0.1484808623790741 [ 63 125 128]
0.1484808623790741 [ 63 125 128]
0.1484808623790741 [ 63 125 128]
0.1484808623790741 [ 63 125 128]
0.1484808623790741 [ 63 125 128]
0.1484808623790741 [ 63 125 128]
0.1484808623790741 [ 63 125 128]
0.1484808623790741 [ 63 125 128]
0.1484808623790741 [ 63 125 128]
0.1484808623790741 [ 63 125 128]
0.1484808623790741 [ 63 125 128]
0.1484808623790741 [ 63 125 128]
0.1484808623790741 [ 63 125 128]
ACC 0.8534728829686014
