0.25086522102355957
0.24801099300384521
0.2247762531042099
0.2247762531042099
0.2247762531042099
0.2247762531042099
0.2101779729127884
0.2101779729127884
0.2101779729127884
0.2101779729127884
0.2101779729127884
0.2101779729127884
0.19963109493255615
0.19963109493255615
0.19963109493255615
0.19963109493255615
0.17482227087020874
0.17482227087020874
0.17482227087020874
0.17482227087020874
0.17482227087020874
0.17482227087020874
0.17482227087020874
0.17482227087020874
0.17482227087020874
0.17482227087020874
0.17482227087020874
0.17482227087020874
0.17482227087020874
0.17482227087020874
0.17482227087020874
0.17482227087020874
0.17482227087020874
0.17482227087020874
0.17482227087020874
0.17482227087020874
0.17482227087020874
0.17482227087020874
0.17482227087020874
0.17482227087020874
0.8482824427480916
