0.32719990611076355 [ 64 126  37]
0.32397735118865967 [69 74 32]
0.3200722634792328 [ 36 107  59]
0.2964727580547333 [ 43 114 121]
0.24293629825115204 [ 56 128  59]
0.24293629825115204 [ 56 128  59]
0.24293629825115204 [ 56 128  59]
0.24293629825115204 [ 56 128  59]
0.24293629825115204 [ 56 128  59]
0.24293629825115204 [ 56 128  59]
0.24293629825115204 [ 56 128  59]
0.24293629825115204 [ 56 128  59]
0.24293629825115204 [ 56 128  59]
0.24293629825115204 [ 56 128  59]
0.23305027186870575 [ 49  61 128]
0.23305027186870575 [ 49  61 128]
0.23305027186870575 [ 49  61 128]
0.23305027186870575 [ 49  61 128]
0.23305027186870575 [ 49  61 128]
0.23305027186870575 [ 49  61 128]
0.23305027186870575 [ 49  61 128]
0.23305027186870575 [ 49  61 128]
0.23305027186870575 [ 49  61 128]
0.23305027186870575 [ 49  61 128]
0.23305027186870575 [ 49  61 128]
0.23305027186870575 [ 49  61 128]
0.23305027186870575 [ 49  61 128]
0.23305027186870575 [ 49  61 128]
0.23305027186870575 [ 49  61 128]
0.23305027186870575 [ 49  61 128]
0.23305027186870575 [ 49  61 128]
0.23305027186870575 [ 49  61 128]
0.23305027186870575 [ 49  61 128]
0.23305027186870575 [ 49  61 128]
0.23305027186870575 [ 49  61 128]
0.23305027186870575 [ 49  61 128]
0.23305027186870575 [ 49  61 128]
0.23305027186870575 [ 49  61 128]
0.23305027186870575 [ 49  61 128]
0.23305027186870575 [ 49  61 128]
ACC 0.8146013448607109
