0.913724958896637 [ 84 124  55]
0.913724958896637 [ 84 124  55]
0.913724958896637 [ 84 124  55]
0.913724958896637 [ 84 124  55]
0.8193235993385315 [118  56  47]
0.8193235993385315 [118  56  47]
0.6838718056678772 [ 78  77 128]
0.6838718056678772 [ 78  77 128]
0.6490451097488403 [127 114  76]
0.6490451097488403 [127 114  76]
0.6490451097488403 [127 114  76]
0.6490451097488403 [127 114  76]
0.6490451097488403 [127 114  76]
0.6490451097488403 [127 114  76]
0.6490451097488403 [127 114  76]
0.6490451097488403 [127 114  76]
0.6490451097488403 [127 114  76]
0.5473889708518982 [87 71 66]
0.5473889708518982 [87 71 66]
0.5473889708518982 [87 71 66]
0.5473889708518982 [87 71 66]
0.5473889708518982 [87 71 66]
0.5473889708518982 [87 71 66]
0.5473889708518982 [87 71 66]
0.5473889708518982 [87 71 66]
0.5473889708518982 [87 71 66]
0.5473889708518982 [87 71 66]
0.5473889708518982 [87 71 66]
0.5473889708518982 [87 71 66]
0.5473889708518982 [87 71 66]
0.5473889708518982 [87 71 66]
0.5473889708518982 [87 71 66]
0.5473889708518982 [87 71 66]
0.5473889708518982 [87 71 66]
0.5473889708518982 [87 71 66]
0.5473889708518982 [87 71 66]
0.5473889708518982 [87 71 66]
0.5473889708518982 [87 71 66]
0.5473889708518982 [87 71 66]
0.5473889708518982 [87 71 66]
ACC 0.7666989351403679
