0.7094016075134277
0.7094016075134277
0.7094016075134277
0.7094016075134277
0.7094016075134277
0.6849187016487122
0.6172597408294678
0.6172597408294678
0.6172597408294678
0.6172597408294678
0.6172597408294678
0.5249765515327454
0.5249765515327454
0.5249765515327454
0.5249765515327454
0.5249765515327454
0.5249765515327454
0.5249765515327454
0.5249765515327454
0.5249765515327454
0.5249765515327454
0.5249765515327454
0.5249765515327454
0.5249765515327454
0.5249765515327454
0.5249765515327454
0.5249765515327454
0.5249765515327454
0.5249765515327454
0.5249765515327454
0.5249765515327454
0.5249765515327454
0.5249765515327454
0.5249765515327454
0.5249765515327454
0.5249765515327454
0.5249765515327454
0.5249765515327454
0.5249765515327454
0.5249765515327454
0.7814885496183206
