0.9171732068061829 [79 97 77]
0.9171732068061829 [79 97 77]
0.8784891366958618 [ 93 104  61]
0.7744843363761902 [122  69  77]
0.7744843363761902 [122  69  77]
0.7744843363761902 [122  69  77]
0.7744843363761902 [122  69  77]
0.7744843363761902 [122  69  77]
0.7744843363761902 [122  69  77]
0.7744843363761902 [122  69  77]
0.7744843363761902 [122  69  77]
0.7744843363761902 [122  69  77]
0.7744843363761902 [122  69  77]
0.7744843363761902 [122  69  77]
0.7574912905693054 [128 128  58]
0.7574912905693054 [128 128  58]
0.7574912905693054 [128 128  58]
0.7574912905693054 [128 128  58]
0.7370905876159668 [ 97 125 121]
0.7370905876159668 [ 97 125 121]
0.7370905876159668 [ 97 125 121]
0.7370905876159668 [ 97 125 121]
0.7370905876159668 [ 97 125 121]
0.7370905876159668 [ 97 125 121]
0.7370905876159668 [ 97 125 121]
0.7370905876159668 [ 97 125 121]
0.7370905876159668 [ 97 125 121]
0.7370905876159668 [ 97 125 121]
0.7370905876159668 [ 97 125 121]
0.7370905876159668 [ 97 125 121]
0.7370905876159668 [ 97 125 121]
0.7370905876159668 [ 97 125 121]
0.7370905876159668 [ 97 125 121]
0.7370905876159668 [ 97 125 121]
0.7370905876159668 [ 97 125 121]
0.7370905876159668 [ 97 125 121]
0.7370905876159668 [ 97 125 121]
0.7370905876159668 [ 97 125 121]
0.6415664553642273 [124  73  73]
0.6415664553642273 [124  73  73]
ACC 0.7876777251184834
