0.16927513480186462
0.1197255551815033
0.1197255551815033
0.1025361716747284
0.1025361716747284
0.1025361716747284
0.1025361716747284
0.1025361716747284
0.1025361716747284
0.1025361716747284
0.1025361716747284
0.1025361716747284
0.1025361716747284
0.1025361716747284
0.1025361716747284
0.1025361716747284
0.1025361716747284
0.1025361716747284
0.1025361716747284
0.1025361716747284
0.1025361716747284
0.1025361716747284
0.1025361716747284
0.1025361716747284
0.1025361716747284
0.1025361716747284
0.1025361716747284
0.1025361716747284
0.1025361716747284
0.1025361716747284
0.1025361716747284
0.1025361716747284
0.1025361716747284
0.1025361716747284
0.1025361716747284
0.1025361716747284
0.1025361716747284
0.1025361716747284
0.1025361716747284
0.1025361716747284
0.8966824644549763
