0.1586107760667801
0.1586107760667801
0.1586107760667801
0.1586107760667801
0.1586107760667801
0.1586107760667801
0.1586107760667801
0.1586107760667801
0.1586107760667801
0.1586107760667801
0.1586107760667801
0.1586107760667801
0.1586107760667801
0.1586107760667801
0.1586107760667801
0.1586107760667801
0.1586107760667801
0.1586107760667801
0.1586107760667801
0.1586107760667801
0.1586107760667801
0.1586107760667801
0.1586107760667801
0.1586107760667801
0.1586107760667801
0.1586107760667801
0.1586107760667801
0.1586107760667801
0.1586107760667801
0.1586107760667801
0.1508999466896057
0.1508999466896057
0.1508999466896057
0.1508999466896057
0.1508999466896057
0.1508999466896057
0.1508999466896057
0.1508999466896057
0.1508999466896057
0.1508999466896057
0.8792134831460674
