0.09614934772253036
0.09429915994405746
0.09429915994405746
0.09429915994405746
0.09429915994405746
0.09429915994405746
0.09429915994405746
0.09429915994405746
0.09429915994405746
0.09429915994405746
0.09429915994405746
0.09429915994405746
0.09429915994405746
0.09429915994405746
0.09429915994405746
0.07928207516670227
0.07928207516670227
0.07928207516670227
0.07928207516670227
0.07928207516670227
0.07928207516670227
0.07928207516670227
0.07928207516670227
0.07928207516670227
0.07928207516670227
0.07928207516670227
0.07928207516670227
0.07928207516670227
0.07928207516670227
0.07928207516670227
0.07928207516670227
0.07928207516670227
0.07928207516670227
0.07928207516670227
0.07928207516670227
0.07928207516670227
0.07928207516670227
0.07928207516670227
0.07928207516670227
0.07928207516670227
0.9002822201317028
