0.273690789937973
0.273690789937973
0.26625242829322815
0.26625242829322815
0.26625242829322815
0.26625242829322815
0.26625242829322815
0.26625242829322815
0.26625242829322815
0.26625242829322815
0.26625242829322815
0.26625242829322815
0.26365581154823303
0.26365581154823303
0.26365581154823303
0.26365581154823303
0.26365581154823303
0.26365581154823303
0.26365581154823303
0.26365581154823303
0.26365581154823303
0.26365581154823303
0.26365581154823303
0.26365581154823303
0.22985105216503143
0.22985105216503143
0.22985105216503143
0.22985105216503143
0.22985105216503143
0.22985105216503143
0.22985105216503143
0.22985105216503143
0.22985105216503143
0.22985105216503143
0.22985105216503143
0.22985105216503143
0.22985105216503143
0.22985105216503143
0.22985105216503143
0.22985105216503143
0.8491834774255523
