0.11587181687355042
0.10122644901275635
0.09040839970111847
0.09040839970111847
0.09040839970111847
0.09040839970111847
0.08095312863588333
0.08095312863588333
0.07403454929590225
0.07403454929590225
0.07403454929590225
0.07403454929590225
0.07403454929590225
0.07403454929590225
0.07403454929590225
0.07403454929590225
0.07403454929590225
0.07403454929590225
0.07403454929590225
0.07403454929590225
0.07403454929590225
0.07403454929590225
0.07403454929590225
0.07403454929590225
0.07403454929590225
0.07403454929590225
0.07403454929590225
0.07403454929590225
0.07403454929590225
0.07403454929590225
0.07403454929590225
0.07403454929590225
0.07403454929590225
0.07403454929590225
0.07403454929590225
0.07403454929590225
0.07403454929590225
0.07403454929590225
0.07403454929590225
0.07403454929590225
0.9195171026156942
