0.13280543684959412
0.13280543684959412
0.13280543684959412
0.13280543684959412
0.13280543684959412
0.13280543684959412
0.13280543684959412
0.13280543684959412
0.13280543684959412
0.13280543684959412
0.13280543684959412
0.13280543684959412
0.13280543684959412
0.13280543684959412
0.13280543684959412
0.13280543684959412
0.13280543684959412
0.13280543684959412
0.13280543684959412
0.13280543684959412
0.13280543684959412
0.13280543684959412
0.13280543684959412
0.13280543684959412
0.13280543684959412
0.13280543684959412
0.13280543684959412
0.10257727652788162
0.10257727652788162
0.10257727652788162
0.10257727652788162
0.10257727652788162
0.10257727652788162
0.10257727652788162
0.10257727652788162
0.10257727652788162
0.10257727652788162
0.10257727652788162
0.10257727652788162
0.10257727652788162
0.8797127468581688
