1.0288774967193604 [ 56 108 102]
0.9448606967926025 [46 54 88]
0.9448606967926025 [46 54 88]
0.9448606967926025 [46 54 88]
0.9448606967926025 [46 54 88]
0.9448606967926025 [46 54 88]
0.8645718097686768 [113  60  61]
0.8645718097686768 [113  60  61]
0.8645718097686768 [113  60  61]
0.8645718097686768 [113  60  61]
0.8645718097686768 [113  60  61]
0.8645718097686768 [113  60  61]
0.8645718097686768 [113  60  61]
0.8645718097686768 [113  60  61]
0.8645718097686768 [113  60  61]
0.8645718097686768 [113  60  61]
0.8645718097686768 [113  60  61]
0.8645718097686768 [113  60  61]
0.8645718097686768 [113  60  61]
0.8645718097686768 [113  60  61]
0.8645718097686768 [113  60  61]
0.8645718097686768 [113  60  61]
0.8404226303100586 [128 128 104]
0.8404226303100586 [128 128 104]
0.8404226303100586 [128 128 104]
0.8404226303100586 [128 128 104]
0.8404226303100586 [128 128 104]
0.8404226303100586 [128 128 104]
0.8404226303100586 [128 128 104]
0.8404226303100586 [128 128 104]
0.8404226303100586 [128 128 104]
0.8404226303100586 [128 128 104]
0.8404226303100586 [128 128 104]
0.8404226303100586 [128 128 104]
0.8404226303100586 [128 128 104]
0.8404226303100586 [128 128 104]
0.8404226303100586 [128 128 104]
0.8404226303100586 [128 128 104]
0.8404226303100586 [128 128 104]
0.8404226303100586 [128 128 104]
ACC 0.723444976076555
