0.1262827217578888 [ 73  80 111]
0.11296813189983368 [ 54 128  86]
0.11296813189983368 [ 54 128  86]
0.11296813189983368 [ 54 128  86]
0.10842956602573395 [ 55 128 128]
0.10842956602573395 [ 55 128 128]
0.08048711717128754 [ 50 115 128]
0.08048711717128754 [ 50 115 128]
0.08048711717128754 [ 50 115 128]
0.08048711717128754 [ 50 115 128]
0.08048711717128754 [ 50 115 128]
0.08048711717128754 [ 50 115 128]
0.08048711717128754 [ 50 115 128]
0.08048711717128754 [ 50 115 128]
0.08048711717128754 [ 50 115 128]
0.08048711717128754 [ 50 115 128]
0.08048711717128754 [ 50 115 128]
0.08048711717128754 [ 50 115 128]
0.08048711717128754 [ 50 115 128]
0.08048711717128754 [ 50 115 128]
0.08048711717128754 [ 50 115 128]
0.08048711717128754 [ 50 115 128]
0.08048711717128754 [ 50 115 128]
0.08048711717128754 [ 50 115 128]
0.08048711717128754 [ 50 115 128]
0.08048711717128754 [ 50 115 128]
0.08048711717128754 [ 50 115 128]
0.08048711717128754 [ 50 115 128]
0.08048711717128754 [ 50 115 128]
0.08048711717128754 [ 50 115 128]
0.08048711717128754 [ 50 115 128]
0.08048711717128754 [ 50 115 128]
0.08048711717128754 [ 50 115 128]
0.08048711717128754 [ 50 115 128]
0.08048711717128754 [ 50 115 128]
0.08048711717128754 [ 50 115 128]
0.08048711717128754 [ 50 115 128]
0.08048711717128754 [ 50 115 128]
0.08048711717128754 [ 50 115 128]
0.08048711717128754 [ 50 115 128]
ACC 0.9141274238227147
