0.1139158234000206 [ 90  75 102]
0.1139158234000206 [ 90  75 102]
0.07287038862705231 [ 98 114 117]
0.07287038862705231 [ 98 114 117]
0.07287038862705231 [ 98 114 117]
0.07287038862705231 [ 98 114 117]
0.07287038862705231 [ 98 114 117]
0.07287038862705231 [ 98 114 117]
0.07287038862705231 [ 98 114 117]
0.07287038862705231 [ 98 114 117]
0.07287038862705231 [ 98 114 117]
0.07287038862705231 [ 98 114 117]
0.07287038862705231 [ 98 114 117]
0.07287038862705231 [ 98 114 117]
0.07287038862705231 [ 98 114 117]
0.07287038862705231 [ 98 114 117]
0.07287038862705231 [ 98 114 117]
0.07287038862705231 [ 98 114 117]
0.07287038862705231 [ 98 114 117]
0.07287038862705231 [ 98 114 117]
0.07287038862705231 [ 98 114 117]
0.07287038862705231 [ 98 114 117]
0.07287038862705231 [ 98 114 117]
0.07287038862705231 [ 98 114 117]
0.07287038862705231 [ 98 114 117]
0.07287038862705231 [ 98 114 117]
0.07287038862705231 [ 98 114 117]
0.07287038862705231 [ 98 114 117]
0.07287038862705231 [ 98 114 117]
0.07287038862705231 [ 98 114 117]
0.07287038862705231 [ 98 114 117]
0.06643964350223541 [ 88  83 128]
0.06643964350223541 [ 88  83 128]
0.06643964350223541 [ 88  83 128]
0.06643964350223541 [ 88  83 128]
0.06643964350223541 [ 88  83 128]
0.06643964350223541 [ 88  83 128]
0.06643964350223541 [ 88  83 128]
0.06643964350223541 [ 88  83 128]
0.06643964350223541 [ 88  83 128]
ACC 0.9144869215291751
