0.1955900937318802
0.1745566725730896
0.1745566725730896
0.1745566725730896
0.16422459483146667
0.16422459483146667
0.15245869755744934
0.15245869755744934
0.15245869755744934
0.15245869755744934
0.1462624967098236
0.1462624967098236
0.1462624967098236
0.1462624967098236
0.1462624967098236
0.1462624967098236
0.1462624967098236
0.1462624967098236
0.1462624967098236
0.1462624967098236
0.1462624967098236
0.1462624967098236
0.1462624967098236
0.1462624967098236
0.1462624967098236
0.14507876336574554
0.14507876336574554
0.1438508778810501
0.1438508778810501
0.1438508778810501
0.1438508778810501
0.1438508778810501
0.1438508778810501
0.1438508778810501
0.1438508778810501
0.1438508778810501
0.1438508778810501
0.1438508778810501
0.1438508778810501
0.14195391535758972
0.9012707722385142
