1.0294623374938965
0.917820930480957
0.917820930480957
0.8791034817695618
0.8791034817695618
0.8083062171936035
0.8083062171936035
0.8083062171936035
0.8083062171936035
0.8083062171936035
0.7880648374557495
0.7721115946769714
0.7721115946769714
0.7721115946769714
0.7721115946769714
0.7721115946769714
0.7721115946769714
0.7721115946769714
0.7721115946769714
0.7721115946769714
0.7721115946769714
0.7721115946769714
0.7721115946769714
0.7721115946769714
0.7721115946769714
0.7721115946769714
0.7721115946769714
0.7721115946769714
0.7721115946769714
0.7095701098442078
0.7095701098442078
0.7095701098442078
0.7095701098442078
0.7095701098442078
0.7095701098442078
0.7095701098442078
0.7095701098442078
0.7095701098442078
0.7095701098442078
0.7095701098442078
0.7655502392344498
