0.16097597777843475
0.16097597777843475
0.16097597777843475
0.1519414633512497
0.13176490366458893
0.13176490366458893
0.13176490366458893
0.13176490366458893
0.12278753519058228
0.12001819908618927
0.12001819908618927
0.12001819908618927
0.12001819908618927
0.12001819908618927
0.12001819908618927
0.12001819908618927
0.12001819908618927
0.12001819908618927
0.12001819908618927
0.12001819908618927
0.12001819908618927
0.12001819908618927
0.12001819908618927
0.12001819908618927
0.12001819908618927
0.12001819908618927
0.12001819908618927
0.10770636051893234
0.10770636051893234
0.10770636051893234
0.10770636051893234
0.10770636051893234
0.10770636051893234
0.10770636051893234
0.10770636051893234
0.10770636051893234
0.10770636051893234
0.10770636051893234
0.10770636051893234
0.10770636051893234
0.8818097876269622
