0.9194773435592651
0.9194773435592651
0.9194773435592651
0.6021168231964111
0.6021168231964111
0.6021168231964111
0.6021168231964111
0.6021168231964111
0.6021168231964111
0.6021168231964111
0.6021168231964111
0.6021168231964111
0.6021168231964111
0.6021168231964111
0.6021168231964111
0.6021168231964111
0.6021168231964111
0.6021168231964111
0.6021168231964111
0.6021168231964111
0.6021168231964111
0.6021168231964111
0.6021168231964111
0.6021168231964111
0.6021168231964111
0.6021168231964111
0.6021168231964111
0.6021168231964111
0.6021168231964111
0.6021168231964111
0.6021168231964111
0.6021168231964111
0.6021168231964111
0.6021168231964111
0.6021168231964111
0.6021168231964111
0.6021168231964111
0.6021168231964111
0.6021168231964111
0.6021168231964111
0.8104265402843602
