0.2350866198539734
0.20722763240337372
0.20722763240337372
0.18513832986354828
0.18513832986354828
0.18513832986354828
0.18513832986354828
0.18513832986354828
0.15070840716362
0.13692790269851685
0.13692790269851685
0.13692790269851685
0.13692790269851685
0.13692790269851685
0.13692790269851685
0.13692790269851685
0.13692790269851685
0.13692790269851685
0.13692790269851685
0.13692790269851685
0.13692790269851685
0.13692790269851685
0.13692790269851685
0.13692790269851685
0.13692790269851685
0.13692790269851685
0.13692790269851685
0.13692790269851685
0.13692790269851685
0.13692790269851685
0.13692790269851685
0.13692790269851685
0.13692790269851685
0.13692790269851685
0.13692790269851685
0.13692790269851685
0.13692790269851685
0.13692790269851685
0.13692790269851685
0.13692790269851685
0.8962536023054755
