0.17546091973781586
0.15903902053833008
0.13691936433315277
0.13691936433315277
0.13691936433315277
0.13691936433315277
0.13691936433315277
0.1289554387331009
0.1091356873512268
0.1091356873512268
0.1091356873512268
0.08392694592475891
0.08392694592475891
0.08392694592475891
0.08392694592475891
0.08392694592475891
0.08392694592475891
0.08392694592475891
0.08392694592475891
0.08392694592475891
0.08392694592475891
0.08392694592475891
0.08392694592475891
0.08392694592475891
0.08392694592475891
0.08392694592475891
0.08392694592475891
0.08392694592475891
0.08392694592475891
0.08392694592475891
0.08392694592475891
0.08392694592475891
0.08392694592475891
0.08392694592475891
0.08392694592475891
0.08392694592475891
0.08392694592475891
0.08392694592475891
0.08392694592475891
0.08372514694929123
0.9002904162633107
