0.8302281498908997 [ 73 125  97]
0.8302281498908997 [ 73 125  97]
0.7817904353141785 [ 91 128  86]
0.7817904353141785 [ 91 128  86]
0.7817904353141785 [ 91 128  86]
0.7817904353141785 [ 91 128  86]
0.7817904353141785 [ 91 128  86]
0.7817904353141785 [ 91 128  86]
0.7817904353141785 [ 91 128  86]
0.7817904353141785 [ 91 128  86]
0.7817904353141785 [ 91 128  86]
0.7817904353141785 [ 91 128  86]
0.7817904353141785 [ 91 128  86]
0.7817904353141785 [ 91 128  86]
0.7817904353141785 [ 91 128  86]
0.7817904353141785 [ 91 128  86]
0.7817904353141785 [ 91 128  86]
0.580252468585968 [ 73  66 118]
0.580252468585968 [ 73  66 118]
0.580252468585968 [ 73  66 118]
0.580252468585968 [ 73  66 118]
0.580252468585968 [ 73  66 118]
0.580252468585968 [ 73  66 118]
0.580252468585968 [ 73  66 118]
0.580252468585968 [ 73  66 118]
0.580252468585968 [ 73  66 118]
0.580252468585968 [ 73  66 118]
0.580252468585968 [ 73  66 118]
0.580252468585968 [ 73  66 118]
0.580252468585968 [ 73  66 118]
0.580252468585968 [ 73  66 118]
0.580252468585968 [ 73  66 118]
0.580252468585968 [ 73  66 118]
0.580252468585968 [ 73  66 118]
0.580252468585968 [ 73  66 118]
0.580252468585968 [ 73  66 118]
0.580252468585968 [ 73  66 118]
0.580252468585968 [ 73  66 118]
0.580252468585968 [ 73  66 118]
0.580252468585968 [ 73  66 118]
ACC 0.8165569143932268
