0.8365399241447449
0.8365399241447449
0.7032994627952576
0.7032994627952576
0.6262812614440918
0.5944126844406128
0.5944126844406128
0.5944126844406128
0.5929473638534546
0.5929473638534546
0.5929473638534546
0.5929473638534546
0.5929473638534546
0.5929473638534546
0.5929473638534546
0.5929473638534546
0.5929473638534546
0.5929473638534546
0.5929473638534546
0.5929473638534546
0.5929473638534546
0.5929473638534546
0.5929473638534546
0.5929473638534546
0.5929473638534546
0.5837092399597168
0.5837092399597168
0.5837092399597168
0.5837092399597168
0.5837092399597168
0.5837092399597168
0.5837092399597168
0.5837092399597168
0.5837092399597168
0.5837092399597168
0.5837092399597168
0.5837092399597168
0.5837092399597168
0.5837092399597168
0.5837092399597168
0.7651515151515151
