0.11295559257268906 [ 87  75 111]
0.11295559257268906 [ 87  75 111]
0.11295559257268906 [ 87  75 111]
0.11295559257268906 [ 87  75 111]
0.11295559257268906 [ 87  75 111]
0.11295559257268906 [ 87  75 111]
0.11295559257268906 [ 87  75 111]
0.11295559257268906 [ 87  75 111]
0.11295559257268906 [ 87  75 111]
0.11295559257268906 [ 87  75 111]
0.11295559257268906 [ 87  75 111]
0.11295559257268906 [ 87  75 111]
0.11295559257268906 [ 87  75 111]
0.11295559257268906 [ 87  75 111]
0.11295559257268906 [ 87  75 111]
0.11295559257268906 [ 87  75 111]
0.11295559257268906 [ 87  75 111]
0.11295559257268906 [ 87  75 111]
0.11295559257268906 [ 87  75 111]
0.11295559257268906 [ 87  75 111]
0.11295559257268906 [ 87  75 111]
0.11295559257268906 [ 87  75 111]
0.11295559257268906 [ 87  75 111]
0.11295559257268906 [ 87  75 111]
0.11295559257268906 [ 87  75 111]
0.11295559257268906 [ 87  75 111]
0.11295559257268906 [ 87  75 111]
0.11295559257268906 [ 87  75 111]
0.11295559257268906 [ 87  75 111]
0.11295559257268906 [ 87  75 111]
0.11295559257268906 [ 87  75 111]
0.11295559257268906 [ 87  75 111]
0.11295559257268906 [ 87  75 111]
0.11295559257268906 [ 87  75 111]
0.11295559257268906 [ 87  75 111]
0.11295559257268906 [ 87  75 111]
0.11295559257268906 [ 87  75 111]
0.11295559257268906 [ 87  75 111]
0.11295559257268906 [ 87  75 111]
0.11295559257268906 [ 87  75 111]
ACC 0.9150507848568791
