0.2374436855316162
0.22076697647571564
0.22076697647571564
0.22076697647571564
0.14986459910869598
0.14986459910869598
0.14986459910869598
0.14986459910869598
0.14986459910869598
0.14986459910869598
0.14986459910869598
0.14986459910869598
0.14986459910869598
0.14986459910869598
0.14986459910869598
0.14986459910869598
0.14986459910869598
0.14986459910869598
0.14986459910869598
0.14986459910869598
0.14986459910869598
0.14986459910869598
0.14986459910869598
0.14986459910869598
0.14986459910869598
0.14986459910869598
0.14986459910869598
0.14986459910869598
0.14986459910869598
0.14986459910869598
0.14986459910869598
0.14986459910869598
0.14986459910869598
0.14986459910869598
0.14986459910869598
0.14986459910869598
0.14986459910869598
0.14986459910869598
0.14986459910869598
0.14986459910869598
0.8701787394167451
