0.1670290231704712
0.1670290231704712
0.15090081095695496
0.15090081095695496
0.1491878181695938
0.1491878181695938
0.1491878181695938
0.11143067479133606
0.11143067479133606
0.11143067479133606
0.11143067479133606
0.11143067479133606
0.11143067479133606
0.11143067479133606
0.11143067479133606
0.09269408136606216
0.09269408136606216
0.09269408136606216
0.09269408136606216
0.09269408136606216
0.09269408136606216
0.09269408136606216
0.09269408136606216
0.09269408136606216
0.09269408136606216
0.09269408136606216
0.09269408136606216
0.09269408136606216
0.09269408136606216
0.09269408136606216
0.09269408136606216
0.09269408136606216
0.09269408136606216
0.09269408136606216
0.09269408136606216
0.09269408136606216
0.09269408136606216
0.09269408136606216
0.09269408136606216
0.09269408136606216
0.9029495718363464
