0.7667021751403809
0.6334835886955261
0.6334835886955261
0.5447384715080261
0.5447384715080261
0.5447384715080261
0.5447384715080261
0.5447384715080261
0.5447384715080261
0.5447384715080261
0.5447384715080261
0.5447384715080261
0.5447384715080261
0.5447384715080261
0.5447384715080261
0.5447384715080261
0.5447384715080261
0.5447384715080261
0.5447384715080261
0.5447384715080261
0.5447384715080261
0.5447384715080261
0.5447384715080261
0.5447384715080261
0.5447384715080261
0.5447384715080261
0.5447384715080261
0.5447384715080261
0.5447384715080261
0.5447384715080261
0.5447384715080261
0.5447384715080261
0.5447384715080261
0.5447384715080261
0.5447384715080261
0.5447384715080261
0.5447384715080261
0.5447384715080261
0.5447384715080261
0.5447384715080261
0.7670454545454546
