0.15410418808460236
0.12155547738075256
0.0944313183426857
0.08646117150783539
0.08646117150783539
0.08646117150783539
0.08646117150783539
0.08646117150783539
0.08646117150783539
0.08646117150783539
0.08646117150783539
0.08646117150783539
0.08646117150783539
0.08646117150783539
0.08646117150783539
0.08646117150783539
0.08646117150783539
0.08646117150783539
0.08646117150783539
0.08646117150783539
0.08646117150783539
0.08646117150783539
0.08646117150783539
0.08646117150783539
0.08646117150783539
0.08646117150783539
0.08646117150783539
0.08646117150783539
0.08646117150783539
0.08646117150783539
0.08646117150783539
0.08646117150783539
0.08646117150783539
0.08646117150783539
0.08646117150783539
0.08646117150783539
0.08646117150783539
0.08362562954425812
0.08362562954425812
0.08362562954425812
0.9012229539040452
