0.9496766924858093 [ 75 115  86]
0.9496766924858093 [ 75 115  86]
0.9496766924858093 [ 75 115  86]
0.8159857988357544 [122 118  60]
0.8159857988357544 [122 118  60]
0.8159857988357544 [122 118  60]
0.7676213383674622 [128 128  41]
0.7676213383674622 [128 128  41]
0.7676213383674622 [128 128  41]
0.7178156971931458 [128 128  41]
0.7178156971931458 [128 128  41]
0.7178156971931458 [128 128  41]
0.7178156971931458 [128 128  41]
0.7178156971931458 [128 128  41]
0.7178156971931458 [128 128  41]
0.7178156971931458 [128 128  41]
0.7178156971931458 [128 128  41]
0.7178156971931458 [128 128  41]
0.7178156971931458 [128 128  41]
0.7178156971931458 [128 128  41]
0.7178156971931458 [128 128  41]
0.7178156971931458 [128 128  41]
0.7178156971931458 [128 128  41]
0.7178156971931458 [128 128  41]
0.7178156971931458 [128 128  41]
0.7178156971931458 [128 128  41]
0.7178156971931458 [128 128  41]
0.7178156971931458 [128 128  41]
0.7178156971931458 [128 128  41]
0.7178156971931458 [128 128  41]
0.7178156971931458 [128 128  41]
0.7178156971931458 [128 128  41]
0.7178156971931458 [128 128  41]
0.7178156971931458 [128 128  41]
0.7178156971931458 [128 128  41]
0.694268524646759 [126  81 110]
0.694268524646759 [126  81 110]
0.694268524646759 [126  81 110]
0.694268524646759 [126  81 110]
0.694268524646759 [126  81 110]
ACC 0.755834829443447
