0.2525259554386139
0.2525259554386139
0.2525259554386139
0.2525259554386139
0.2525259554386139
0.2525259554386139
0.2525259554386139
0.2525259554386139
0.2525259554386139
0.2525259554386139
0.2507406175136566
0.2505648732185364
0.2505648732185364
0.2505648732185364
0.2505648732185364
0.2505648732185364
0.2053014487028122
0.2053014487028122
0.2053014487028122
0.2053014487028122
0.2053014487028122
0.2053014487028122
0.2053014487028122
0.2053014487028122
0.2053014487028122
0.2053014487028122
0.2053014487028122
0.2053014487028122
0.2053014487028122
0.2053014487028122
0.2053014487028122
0.2053014487028122
0.2053014487028122
0.2053014487028122
0.2053014487028122
0.2053014487028122
0.2053014487028122
0.2053014487028122
0.2053014487028122
0.2053014487028122
