1.201653242111206
0.9255978465080261
0.9255978465080261
0.9255978465080261
0.9036102294921875
0.8766660094261169
0.8766660094261169
0.8766660094261169
0.8111175298690796
0.8111175298690796
0.8111175298690796
0.7792935967445374
0.7792935967445374
0.7792935967445374
0.7755112648010254
0.7755112648010254
0.7238031029701233
0.7238031029701233
0.7238031029701233
0.7238031029701233
0.7238031029701233
0.7238031029701233
0.7238031029701233
0.7238031029701233
0.7238031029701233
0.7238031029701233
0.7238031029701233
0.7238031029701233
0.7238031029701233
0.7238031029701233
0.7238031029701233
0.7238031029701233
0.7238031029701233
0.7238031029701233
0.7238031029701233
0.7238031029701233
0.7238031029701233
0.6919036507606506
0.6919036507606506
0.6919036507606506
0.7090909090909091
