0.8017614483833313
0.8017614483833313
0.7674634456634521
0.7674634456634521
0.7674634456634521
0.7305009961128235
0.7305009961128235
0.7305009961128235
0.7305009961128235
0.7305009961128235
0.7305009961128235
0.7305009961128235
0.6219903230667114
0.6219903230667114
0.6219903230667114
0.6219903230667114
0.6219903230667114
0.6219903230667114
0.6219903230667114
0.6219903230667114
0.5698103308677673
0.5698103308677673
0.5698103308677673
0.5698103308677673
0.5698103308677673
0.5698103308677673
0.5698103308677673
0.5698103308677673
0.5698103308677673
0.5698103308677673
0.5698103308677673
0.5698103308677673
0.5698103308677673
0.5120766162872314
0.5120766162872314
0.5120766162872314
0.5120766162872314
0.5120766162872314
0.5120766162872314
0.5120766162872314
0.7973358705994291
