0.2087855488061905
0.2087855488061905
0.18042849004268646
0.18042849004268646
0.18042849004268646
0.18042849004268646
0.18042849004268646
0.18042849004268646
0.18042849004268646
0.18042849004268646
0.18042849004268646
0.18042849004268646
0.18042849004268646
0.18042849004268646
0.18042849004268646
0.18042849004268646
0.18042849004268646
0.18042849004268646
0.18042849004268646
0.18042849004268646
0.18042849004268646
0.18042849004268646
0.18042849004268646
0.18042849004268646
0.18042849004268646
0.18042849004268646
0.18042849004268646
0.18042849004268646
0.18042849004268646
0.18042849004268646
0.18042849004268646
0.18042849004268646
0.18042849004268646
0.18042849004268646
0.18042849004268646
0.18042849004268646
0.18042849004268646
0.18042849004268646
0.18042849004268646
0.18042849004268646
0.8587257617728532
