0.20212143659591675 [ 36 115  92]
0.19967657327651978 [ 72 103  47]
0.12125731259584427 [ 36 115  92]
0.12125731259584427 [ 36 115  92]
0.12125731259584427 [ 36 115  92]
0.12125731259584427 [ 36 115  92]
0.12125731259584427 [ 36 115  92]
0.11227035522460938 [ 47 115  72]
0.11227035522460938 [ 47 115  72]
0.11227035522460938 [ 47 115  72]
0.11227035522460938 [ 47 115  72]
0.11227035522460938 [ 47 115  72]
0.11227035522460938 [ 47 115  72]
0.11227035522460938 [ 47 115  72]
0.11227035522460938 [ 47 115  72]
0.11227035522460938 [ 47 115  72]
0.11227035522460938 [ 47 115  72]
0.11227035522460938 [ 47 115  72]
0.11227035522460938 [ 47 115  72]
0.11227035522460938 [ 47 115  72]
0.11227035522460938 [ 47 115  72]
0.11227035522460938 [ 47 115  72]
0.11227035522460938 [ 47 115  72]
0.11227035522460938 [ 47 115  72]
0.11227035522460938 [ 47 115  72]
0.11227035522460938 [ 47 115  72]
0.11227035522460938 [ 47 115  72]
0.11227035522460938 [ 47 115  72]
0.11227035522460938 [ 47 115  72]
0.11227035522460938 [ 47 115  72]
0.11227035522460938 [ 47 115  72]
0.11227035522460938 [ 47 115  72]
0.11227035522460938 [ 47 115  72]
0.11227035522460938 [ 47 115  72]
0.11227035522460938 [ 47 115  72]
0.11227035522460938 [ 47 115  72]
0.11227035522460938 [ 47 115  72]
0.11227035522460938 [ 47 115  72]
0.11227035522460938 [ 47 115  72]
0.11227035522460938 [ 47 115  72]
ACC 0.9000951474785919
