0.8169214725494385 [106  96  93]
0.8169214725494385 [106  96  93]
0.8169214725494385 [106  96  93]
0.8169214725494385 [106  96  93]
0.7705893516540527 [114 126  41]
0.7705893516540527 [114 126  41]
0.7705893516540527 [114 126  41]
0.7214998006820679 [ 77 128 115]
0.7214998006820679 [ 77 128 115]
0.7214998006820679 [ 77 128 115]
0.7214998006820679 [ 77 128 115]
0.7214998006820679 [ 77 128 115]
0.7214998006820679 [ 77 128 115]
0.7214998006820679 [ 77 128 115]
0.7214998006820679 [ 77 128 115]
0.7214998006820679 [ 77 128 115]
0.7214998006820679 [ 77 128 115]
0.7045628428459167 [114 128  41]
0.7045628428459167 [114 128  41]
0.7045628428459167 [114 128  41]
0.7045628428459167 [114 128  41]
0.7045628428459167 [114 128  41]
0.7045628428459167 [114 128  41]
0.7045628428459167 [114 128  41]
0.7045628428459167 [114 128  41]
0.7045628428459167 [114 128  41]
0.7045628428459167 [114 128  41]
0.7045628428459167 [114 128  41]
0.6723701357841492 [123  92 128]
0.5388463139533997 [114 128  57]
0.5388463139533997 [114 128  57]
0.5388463139533997 [114 128  57]
0.5388463139533997 [114 128  57]
0.5388463139533997 [114 128  57]
0.5388463139533997 [114 128  57]
0.5388463139533997 [114 128  57]
0.5388463139533997 [114 128  57]
0.5388463139533997 [114 128  57]
0.5388463139533997 [114 128  57]
0.5388463139533997 [114 128  57]
ACC 0.7869822485207101
