0.17021404206752777
0.17021404206752777
0.17021404206752777
0.1374073326587677
0.1374073326587677
0.1338316947221756
0.1338316947221756
0.1338316947221756
0.1338316947221756
0.1338316947221756
0.1338316947221756
0.1338316947221756
0.1338316947221756
0.1251964569091797
0.10708267241716385
0.10708267241716385
0.10708267241716385
0.10708267241716385
0.10708267241716385
0.10708267241716385
0.10708267241716385
0.10708267241716385
0.10708267241716385
0.10708267241716385
0.10708267241716385
0.10708267241716385
0.10708267241716385
0.10708267241716385
0.10708267241716385
0.10708267241716385
0.10708267241716385
0.10708267241716385
0.10708267241716385
0.10708267241716385
0.10708267241716385
0.10708267241716385
0.10708267241716385
0.10708267241716385
0.10708267241716385
0.10708267241716385
0.8909090909090909
