0.1989818513393402 [ 90 106  25]
0.1929483413696289 [ 81 111 103]
0.1347956359386444 [ 81  80 128]
0.1347956359386444 [ 81  80 128]
0.1347956359386444 [ 81  80 128]
0.1347956359386444 [ 81  80 128]
0.1347956359386444 [ 81  80 128]
0.1347956359386444 [ 81  80 128]
0.13366900384426117 [ 65 101 128]
0.13366900384426117 [ 65 101 128]
0.13366900384426117 [ 65 101 128]
0.13366900384426117 [ 65 101 128]
0.13366900384426117 [ 65 101 128]
0.13366900384426117 [ 65 101 128]
0.13366900384426117 [ 65 101 128]
0.13366900384426117 [ 65 101 128]
0.13366900384426117 [ 65 101 128]
0.13366900384426117 [ 65 101 128]
0.13366900384426117 [ 65 101 128]
0.13366900384426117 [ 65 101 128]
0.13366900384426117 [ 65 101 128]
0.13366900384426117 [ 65 101 128]
0.13366900384426117 [ 65 101 128]
0.13366900384426117 [ 65 101 128]
0.13366900384426117 [ 65 101 128]
0.13366900384426117 [ 65 101 128]
0.13366900384426117 [ 65 101 128]
0.13366900384426117 [ 65 101 128]
0.13366900384426117 [ 65 101 128]
0.13366900384426117 [ 65 101 128]
0.13366900384426117 [ 65 101 128]
0.13366900384426117 [ 65 101 128]
0.13366900384426117 [ 65 101 128]
0.13366900384426117 [ 65 101 128]
0.13366900384426117 [ 65 101 128]
0.13366900384426117 [ 65 101 128]
0.13366900384426117 [ 65 101 128]
0.13366900384426117 [ 65 101 128]
0.13366900384426117 [ 65 101 128]
0.13366900384426117 [ 65 101 128]
ACC 0.9019980970504282
