0.19088123738765717 [116  50  62]
0.19088123738765717 [116  50  62]
0.18268458545207977 [ 89 105  46]
0.13716353476047516 [ 74  82 124]
0.13716353476047516 [ 74  82 124]
0.13716353476047516 [ 74  82 124]
0.13716353476047516 [ 74  82 124]
0.13716353476047516 [ 74  82 124]
0.13716353476047516 [ 74  82 124]
0.13477946817874908 [ 39 128 115]
0.13477946817874908 [ 39 128 115]
0.13477946817874908 [ 39 128 115]
0.13477946817874908 [ 39 128 115]
0.13477946817874908 [ 39 128 115]
0.13477946817874908 [ 39 128 115]
0.13477946817874908 [ 39 128 115]
0.13477946817874908 [ 39 128 115]
0.13477946817874908 [ 39 128 115]
0.13477946817874908 [ 39 128 115]
0.13477946817874908 [ 39 128 115]
0.13477946817874908 [ 39 128 115]
0.13477946817874908 [ 39 128 115]
0.13424324989318848 [128 128 115]
0.13424324989318848 [128 128 115]
0.13424324989318848 [128 128 115]
0.13424324989318848 [128 128 115]
0.13424324989318848 [128 128 115]
0.13424324989318848 [128 128 115]
0.13424324989318848 [128 128 115]
0.13424324989318848 [128 128 115]
0.13424324989318848 [128 128 115]
0.13424324989318848 [128 128 115]
0.13424324989318848 [128 128 115]
0.13424324989318848 [128 128 115]
0.13424324989318848 [128 128 115]
0.13424324989318848 [128 128 115]
0.13424324989318848 [128 128 115]
0.13424324989318848 [128 128 115]
0.13424324989318848 [128 128 115]
0.13424324989318848 [128 128 115]
ACC 0.8928229665071771
