0.1700967401266098 [88 92 66]
0.15060333907604218 [ 80  72 116]
0.14469002187252045 [50 70 96]
0.13640789687633514 [ 29 128  43]
0.13640789687633514 [ 29 128  43]
0.13640789687633514 [ 29 128  43]
0.13640789687633514 [ 29 128  43]
0.13457900285720825 [ 64  67 107]
0.13457900285720825 [ 64  67 107]
0.12313839793205261 [104 128  41]
0.12313839793205261 [104 128  41]
0.12313839793205261 [104 128  41]
0.12313839793205261 [104 128  41]
0.12313839793205261 [104 128  41]
0.12313839793205261 [104 128  41]
0.12313839793205261 [104 128  41]
0.12313839793205261 [104 128  41]
0.12313839793205261 [104 128  41]
0.11345072835683823 [85 92 82]
0.11345072835683823 [85 92 82]
0.11345072835683823 [85 92 82]
0.11345072835683823 [85 92 82]
0.11345072835683823 [85 92 82]
0.11345072835683823 [85 92 82]
0.11345072835683823 [85 92 82]
0.11345072835683823 [85 92 82]
0.11345072835683823 [85 92 82]
0.11345072835683823 [85 92 82]
0.11345072835683823 [85 92 82]
0.11345072835683823 [85 92 82]
0.11345072835683823 [85 92 82]
0.11345072835683823 [85 92 82]
0.11345072835683823 [85 92 82]
0.11345072835683823 [85 92 82]
0.11345072835683823 [85 92 82]
0.11345072835683823 [85 92 82]
0.11345072835683823 [85 92 82]
0.11345072835683823 [85 92 82]
0.11345072835683823 [85 92 82]
0.11345072835683823 [85 92 82]
ACC 0.9085872576177285
