0.2671882212162018
0.2671882212162018
0.2671882212162018
0.26347076892852783
0.26085254549980164
0.24823367595672607
0.24823367595672607
0.24823367595672607
0.24823367595672607
0.24823367595672607
0.24823367595672607
0.24823367595672607
0.24823367595672607
0.24823367595672607
0.24823367595672607
0.19677194952964783
0.19677194952964783
0.19677194952964783
0.19677194952964783
0.19677194952964783
0.19677194952964783
0.19677194952964783
0.19677194952964783
0.19677194952964783
0.19677194952964783
0.19677194952964783
0.19677194952964783
0.19677194952964783
0.19677194952964783
0.19677194952964783
0.19677194952964783
0.19677194952964783
0.19677194952964783
0.19677194952964783
0.19677194952964783
0.19677194952964783
0.19677194952964783
0.19677194952964783
0.19677194952964783
0.19677194952964783
0.8422090729783037
