0.2011188119649887 [115  85  20]
0.2011188119649887 [115  85  20]
0.2011188119649887 [115  85  20]
0.1777457445859909 [127 111  37]
0.1777457445859909 [127 111  37]
0.1777457445859909 [127 111  37]
0.1777457445859909 [127 111  37]
0.1777457445859909 [127 111  37]
0.1777457445859909 [127 111  37]
0.1777457445859909 [127 111  37]
0.1777457445859909 [127 111  37]
0.1777457445859909 [127 111  37]
0.1734670251607895 [115 128  20]
0.16141989827156067 [102 100 114]
0.16141989827156067 [102 100 114]
0.13138145208358765 [113 114 104]
0.13138145208358765 [113 114 104]
0.13138145208358765 [113 114 104]
0.13138145208358765 [113 114 104]
0.13138145208358765 [113 114 104]
0.13138145208358765 [113 114 104]
0.13138145208358765 [113 114 104]
0.13138145208358765 [113 114 104]
0.13138145208358765 [113 114 104]
0.13138145208358765 [113 114 104]
0.13138145208358765 [113 114 104]
0.13138145208358765 [113 114 104]
0.13138145208358765 [113 114 104]
0.13138145208358765 [113 114 104]
0.13138145208358765 [113 114 104]
0.13138145208358765 [113 114 104]
0.13138145208358765 [113 114 104]
0.13138145208358765 [113 114 104]
0.13138145208358765 [113 114 104]
0.13138145208358765 [113 114 104]
0.13138145208358765 [113 114 104]
0.13138145208358765 [113 114 104]
0.13138145208358765 [113 114 104]
0.13138145208358765 [113 114 104]
0.13138145208358765 [113 114 104]
ACC 0.8927563499529633
