0.7851508855819702 [57 74 99]
0.7571259140968323 [115 106  46]
0.7571259140968323 [115 106  46]
0.7571259140968323 [115 106  46]
0.7571259140968323 [115 106  46]
0.7571259140968323 [115 106  46]
0.7571259140968323 [115 106  46]
0.737241268157959 [103 106  46]
0.737241268157959 [103 106  46]
0.737241268157959 [103 106  46]
0.737241268157959 [103 106  46]
0.737241268157959 [103 106  46]
0.737241268157959 [103 106  46]
0.737241268157959 [103 106  46]
0.737241268157959 [103 106  46]
0.737241268157959 [103 106  46]
0.737241268157959 [103 106  46]
0.737241268157959 [103 106  46]
0.737241268157959 [103 106  46]
0.737241268157959 [103 106  46]
0.737241268157959 [103 106  46]
0.6504140496253967 [ 98  41 128]
0.6504140496253967 [ 98  41 128]
0.6022512316703796 [128  80 122]
0.6022512316703796 [128  80 122]
0.6022512316703796 [128  80 122]
0.6022512316703796 [128  80 122]
0.6022512316703796 [128  80 122]
0.6022512316703796 [128  80 122]
0.6022512316703796 [128  80 122]
0.6022512316703796 [128  80 122]
0.6022512316703796 [128  80 122]
0.5644527673721313 [128  63 121]
0.5644527673721313 [128  63 121]
0.5644527673721313 [128  63 121]
0.5420765280723572 [125 113 104]
0.5420765280723572 [125 113 104]
0.5420765280723572 [125 113 104]
0.5110573768615723 [ 94 128 108]
0.5110573768615723 [ 94 128 108]
ACC 0.796229802513465
