0.22578854858875275 [ 52  90 106]
0.22578854858875275 [ 52  90 106]
0.17994436621665955 [ 52  90 107]
0.17994436621665955 [ 52  90 107]
0.17994436621665955 [ 52  90 107]
0.17994436621665955 [ 52  90 107]
0.17994436621665955 [ 52  90 107]
0.17994436621665955 [ 52  90 107]
0.17994436621665955 [ 52  90 107]
0.17994436621665955 [ 52  90 107]
0.17994436621665955 [ 52  90 107]
0.17994436621665955 [ 52  90 107]
0.17628304660320282 [ 24 128 128]
0.17628304660320282 [ 24 128 128]
0.17628304660320282 [ 24 128 128]
0.17628304660320282 [ 24 128 128]
0.17628304660320282 [ 24 128 128]
0.17628304660320282 [ 24 128 128]
0.17628304660320282 [ 24 128 128]
0.175026997923851 [ 24 128 128]
0.175026997923851 [ 24 128 128]
0.175026997923851 [ 24 128 128]
0.175026997923851 [ 24 128 128]
0.175026997923851 [ 24 128 128]
0.17261886596679688 [ 59 110 123]
0.16687864065170288 [ 59 110 123]
0.16687864065170288 [ 59 110 123]
0.16687864065170288 [ 59 110 123]
0.16687864065170288 [ 59 110 123]
0.16687864065170288 [ 59 110 123]
0.16687864065170288 [ 59 110 123]
0.16687864065170288 [ 59 110 123]
0.16687864065170288 [ 59 110 123]
0.16687864065170288 [ 59 110 123]
0.16687864065170288 [ 59 110 123]
0.16687864065170288 [ 59 110 123]
0.16687864065170288 [ 59 110 123]
0.16687864065170288 [ 59 110 123]
0.16137930750846863 [ 61 124 120]
0.16137930750846863 [ 61 124 120]
ACC 0.8835877862595419
