0.681330680847168
0.681330680847168
0.681330680847168
0.681330680847168
0.681330680847168
0.681330680847168
0.681330680847168
0.6582969427108765
0.5487653613090515
0.5487653613090515
0.5487653613090515
0.5487653613090515
0.5487653613090515
0.5487653613090515
0.5487653613090515
0.5487653613090515
0.5487653613090515
0.5487653613090515
0.5487653613090515
0.5487653613090515
0.5487653613090515
0.5487653613090515
0.5487653613090515
0.5313151478767395
0.5313151478767395
0.5313151478767395
0.5313151478767395
0.5313151478767395
0.5313151478767395
0.5313151478767395
0.5313151478767395
0.5313151478767395
0.5313151478767395
0.5313151478767395
0.5313151478767395
0.5313151478767395
0.5313151478767395
0.5313151478767395
0.5313151478767395
0.5313151478767395
0.7663734115347018
