0.253533273935318
0.253533273935318
0.23848700523376465
0.23848700523376465
0.23848700523376465
0.2218448668718338
0.2218448668718338
0.2218448668718338
0.2218448668718338
0.2218448668718338
0.21544714272022247
0.1901983618736267
0.1901983618736267
0.1901983618736267
0.1901983618736267
0.1901983618736267
0.1901983618736267
0.1901983618736267
0.1901983618736267
0.1901983618736267
0.1901983618736267
0.1901983618736267
0.1901983618736267
0.1901983618736267
0.1901983618736267
0.1901983618736267
0.1901983618736267
0.1901983618736267
0.1790451854467392
0.1790451854467392
0.1790451854467392
0.1790451854467392
0.1790451854467392
0.1790451854467392
0.1790451854467392
0.1790451854467392
0.1790451854467392
0.1790451854467392
0.1790451854467392
0.1790451854467392
0.8476454293628809
