0.24679748713970184
0.2136269211769104
0.2136269211769104
0.2136269211769104
0.2136269211769104
0.2136269211769104
0.2136269211769104
0.2136269211769104
0.2136269211769104
0.2136269211769104
0.2136269211769104
0.2136269211769104
0.2136269211769104
0.2136269211769104
0.2136269211769104
0.2136269211769104
0.2136269211769104
0.2136269211769104
0.2136269211769104
0.2136269211769104
0.2136269211769104
0.2136269211769104
0.2136269211769104
0.2136269211769104
0.2136269211769104
0.2136269211769104
0.2136269211769104
0.2136269211769104
0.2136269211769104
0.2136269211769104
0.2136269211769104
0.2136269211769104
0.2136269211769104
0.2136269211769104
0.2136269211769104
0.2136269211769104
0.2136269211769104
0.2136269211769104
0.2136269211769104
0.2136269211769104
0.8038229376257545
