0.19217175245285034
0.16225506365299225
0.16225506365299225
0.13708660006523132
0.13708660006523132
0.13708660006523132
0.10217989236116409
0.09573884308338165
0.09573884308338165
0.09573884308338165
0.09573884308338165
0.09573884308338165
0.09573884308338165
0.09573884308338165
0.09573884308338165
0.09573884308338165
0.09573884308338165
0.09573884308338165
0.09573884308338165
0.09573884308338165
0.09573884308338165
0.09573884308338165
0.09573884308338165
0.09573884308338165
0.09573884308338165
0.09573884308338165
0.09573884308338165
0.09573884308338165
0.09573884308338165
0.09573884308338165
0.09573884308338165
0.09573884308338165
0.09573884308338165
0.09484344720840454
0.08970806747674942
0.08970806747674942
0.08970806747674942
0.08970806747674942
0.08970806747674942
0.08970806747674942
0.9074427480916031
