0.6227570176124573
0.6227570176124573
0.6227570176124573
0.6227570176124573
0.6227570176124573
0.6227570176124573
0.6227570176124573
0.6227570176124573
0.6227570176124573
0.6227570176124573
0.6227570176124573
0.6227570176124573
0.6227570176124573
0.6227570176124573
0.6227570176124573
0.6227570176124573
0.6227570176124573
0.6227570176124573
0.6227570176124573
0.6227570176124573
0.6227570176124573
0.6227570176124573
0.6227570176124573
0.6227570176124573
0.6227570176124573
0.6227570176124573
0.6227570176124573
0.6227570176124573
0.6227570176124573
0.6227570176124573
0.6227570176124573
0.6227570176124573
0.6227570176124573
0.6227570176124573
0.6227570176124573
0.6227570176124573
0.6227570176124573
0.6227570176124573
0.6227570176124573
0.6227570176124573
0.7396768402154399
