0.9399539232254028 [ 78 127  69]
0.9111063480377197 [104  92  61]
0.8925985097885132 [125 128  85]
0.8925985097885132 [125 128  85]
0.8925985097885132 [125 128  85]
0.8925985097885132 [125 128  85]
0.8925985097885132 [125 128  85]
0.8925985097885132 [125 128  85]
0.8925985097885132 [125 128  85]
0.8641170859336853 [104  92  61]
0.8641170859336853 [104  92  61]
0.8641170859336853 [104  92  61]
0.8641170859336853 [104  92  61]
0.8641170859336853 [104  92  61]
0.8641170859336853 [104  92  61]
0.8641170859336853 [104  92  61]
0.8641170859336853 [104  92  61]
0.8534591197967529 [128  90 123]
0.8534591197967529 [128  90 123]
0.8534591197967529 [128  90 123]
0.8320192098617554 [ 96 127  96]
0.8320192098617554 [ 96 127  96]
0.8320192098617554 [ 96 127  96]
0.8320192098617554 [ 96 127  96]
0.7955108284950256 [114 128 128]
0.7955108284950256 [114 128 128]
0.7955108284950256 [114 128 128]
0.7955108284950256 [114 128 128]
0.7955108284950256 [114 128 128]
0.7955108284950256 [114 128 128]
0.7955108284950256 [114 128 128]
0.7955108284950256 [114 128 128]
0.7955108284950256 [114 128 128]
0.7955108284950256 [114 128 128]
0.7955108284950256 [114 128 128]
0.7955108284950256 [114 128 128]
0.7955108284950256 [114 128 128]
0.7955108284950256 [114 128 128]
0.7955108284950256 [114 128 128]
0.7955108284950256 [114 128 128]
ACC 0.7281279397930386
