0.7077293992042542 [ 95  93 103]
0.7077293992042542 [ 95  93 103]
0.7077293992042542 [ 95  93 103]
0.7077293992042542 [ 95  93 103]
0.7077293992042542 [ 95  93 103]
0.7077293992042542 [ 95  93 103]
0.7077293992042542 [ 95  93 103]
0.7077293992042542 [ 95  93 103]
0.7077293992042542 [ 95  93 103]
0.7077293992042542 [ 95  93 103]
0.7077293992042542 [ 95  93 103]
0.7077293992042542 [ 95  93 103]
0.7077293992042542 [ 95  93 103]
0.7077293992042542 [ 95  93 103]
0.7077293992042542 [ 95  93 103]
0.7077293992042542 [ 95  93 103]
0.7077293992042542 [ 95  93 103]
0.7028576135635376 [128 107 128]
0.7028576135635376 [128 107 128]
0.7028576135635376 [128 107 128]
0.694770336151123 [112  95  82]
0.694770336151123 [112  95  82]
0.694770336151123 [112  95  82]
0.694770336151123 [112  95  82]
0.694770336151123 [112  95  82]
0.694770336151123 [112  95  82]
0.694770336151123 [112  95  82]
0.694770336151123 [112  95  82]
0.694770336151123 [112  95  82]
0.694770336151123 [112  95  82]
0.694770336151123 [112  95  82]
0.6237089037895203 [124 128  83]
0.6237089037895203 [124 128  83]
0.6237089037895203 [124 128  83]
0.6237089037895203 [124 128  83]
0.6237089037895203 [124 128  83]
0.6237089037895203 [124 128  83]
0.6237089037895203 [124 128  83]
0.6237089037895203 [124 128  83]
0.6237089037895203 [124 128  83]
ACC 0.7773475314617618
