0.7704958319664001 [ 96  87 121]
0.7704958319664001 [ 96  87 121]
0.7704958319664001 [ 96  87 121]
0.7401083707809448 [111 102  41]
0.7401083707809448 [111 102  41]
0.7401083707809448 [111 102  41]
0.7401083707809448 [111 102  41]
0.7401083707809448 [111 102  41]
0.7394151091575623 [111 128  41]
0.7394151091575623 [111 128  41]
0.7394151091575623 [111 128  41]
0.7394151091575623 [111 128  41]
0.7394151091575623 [111 128  41]
0.7394151091575623 [111 128  41]
0.7394151091575623 [111 128  41]
0.7394151091575623 [111 128  41]
0.7394151091575623 [111 128  41]
0.7394151091575623 [111 128  41]
0.7394151091575623 [111 128  41]
0.7394151091575623 [111 128  41]
0.7394151091575623 [111 128  41]
0.7394151091575623 [111 128  41]
0.7394151091575623 [111 128  41]
0.7376733422279358 [ 95  84 102]
0.7376733422279358 [ 95  84 102]
0.7376733422279358 [ 95  84 102]
0.7376733422279358 [ 95  84 102]
0.7376733422279358 [ 95  84 102]
0.7376733422279358 [ 95  84 102]
0.7376733422279358 [ 95  84 102]
0.7376733422279358 [ 95  84 102]
0.7376733422279358 [ 95  84 102]
0.7376733422279358 [ 95  84 102]
0.7376733422279358 [ 95  84 102]
0.7376733422279358 [ 95  84 102]
0.7376733422279358 [ 95  84 102]
0.6822835803031921 [122 128  41]
0.6822835803031921 [122 128  41]
0.6822835803031921 [122 128  41]
0.6822835803031921 [122 128  41]
ACC 0.7050561797752809
