0.1778755486011505
0.1714029312133789
0.1714029312133789
0.1714029312133789
0.1714029312133789
0.1714029312133789
0.1714029312133789
0.1671745330095291
0.1671745330095291
0.1671745330095291
0.1671745330095291
0.1671745330095291
0.15188400447368622
0.15188400447368622
0.15188400447368622
0.15188400447368622
0.15188400447368622
0.1500057429075241
0.1500057429075241
0.1500057429075241
0.1500057429075241
0.1500057429075241
0.1500057429075241
0.1500057429075241
0.1500057429075241
0.1500057429075241
0.1500057429075241
0.1500057429075241
0.1500057429075241
0.1500057429075241
0.1500057429075241
0.1500057429075241
0.1500057429075241
0.1500057429075241
0.1500057429075241
0.1500057429075241
0.1500057429075241
0.1500057429075241
0.1500057429075241
0.1500057429075241
0.8608617594254937
