0.2255629450082779
0.2255629450082779
0.19408731162548065
0.19408731162548065
0.1454979032278061
0.1454979032278061
0.1454979032278061
0.1454979032278061
0.1454979032278061
0.1454979032278061
0.1454979032278061
0.1454979032278061
0.1454979032278061
0.1454979032278061
0.1454979032278061
0.1454979032278061
0.1454979032278061
0.1454979032278061
0.1454979032278061
0.1454979032278061
0.1454979032278061
0.1454979032278061
0.1454979032278061
0.1454979032278061
0.1454979032278061
0.1454979032278061
0.1454979032278061
0.1454979032278061
0.1454979032278061
0.1454979032278061
0.1454979032278061
0.1454979032278061
0.1454979032278061
0.1454979032278061
0.1454979032278061
0.1454979032278061
0.1454979032278061
0.1454979032278061
0.1454979032278061
0.1454979032278061
0.8883587786259542
