0.7754527926445007 [103  72  72]
0.7754527926445007 [103  72  72]
0.7754527926445007 [103  72  72]
0.7754527926445007 [103  72  72]
0.7754527926445007 [103  72  72]
0.6842080950737 [125 128 128]
0.6842080950737 [125 128 128]
0.6842080950737 [125 128 128]
0.6842080950737 [125 128 128]
0.6842080950737 [125 128 128]
0.5267836451530457 [128 123  41]
0.5267836451530457 [128 123  41]
0.5267836451530457 [128 123  41]
0.5267836451530457 [128 123  41]
0.5267836451530457 [128 123  41]
0.5267836451530457 [128 123  41]
0.5267836451530457 [128 123  41]
0.5267836451530457 [128 123  41]
0.5267836451530457 [128 123  41]
0.5267836451530457 [128 123  41]
0.5267836451530457 [128 123  41]
0.5267836451530457 [128 123  41]
0.5267836451530457 [128 123  41]
0.5267836451530457 [128 123  41]
0.5267836451530457 [128 123  41]
0.5267836451530457 [128 123  41]
0.5267836451530457 [128 123  41]
0.5267836451530457 [128 123  41]
0.5267836451530457 [128 123  41]
0.5267836451530457 [128 123  41]
0.5267836451530457 [128 123  41]
0.5267836451530457 [128 123  41]
0.5267836451530457 [128 123  41]
0.5267836451530457 [128 123  41]
0.5267836451530457 [128 123  41]
0.5267836451530457 [128 123  41]
0.5267836451530457 [128 123  41]
0.5267836451530457 [128 123  41]
0.5267836451530457 [128 123  41]
0.5267836451530457 [128 123  41]
ACC 0.7848568790397045
