0.12423311173915863 [ 57 118  28]
0.12181027978658676 [95 78 35]
0.12181027978658676 [95 78 35]
0.12181027978658676 [95 78 35]
0.1058812290430069 [54 97 25]
0.1058812290430069 [54 97 25]
0.10560624301433563 [95 75 35]
0.10560624301433563 [95 75 35]
0.10560624301433563 [95 75 35]
0.10560624301433563 [95 75 35]
0.10560624301433563 [95 75 35]
0.10560624301433563 [95 75 35]
0.10560624301433563 [95 75 35]
0.10049579292535782 [115  14 128]
0.10049579292535782 [115  14 128]
0.10049579292535782 [115  14 128]
0.10049579292535782 [115  14 128]
0.10049579292535782 [115  14 128]
0.10049579292535782 [115  14 128]
0.10049579292535782 [115  14 128]
0.10049579292535782 [115  14 128]
0.10049579292535782 [115  14 128]
0.10049579292535782 [115  14 128]
0.10049579292535782 [115  14 128]
0.10049579292535782 [115  14 128]
0.10049579292535782 [115  14 128]
0.10049579292535782 [115  14 128]
0.10049579292535782 [115  14 128]
0.08618798851966858 [ 48 112  89]
0.08618798851966858 [ 48 112  89]
0.08618798851966858 [ 48 112  89]
0.07934898883104324 [ 57 122 107]
0.07934898883104324 [ 57 122 107]
0.07934898883104324 [ 57 122 107]
0.07934898883104324 [ 57 122 107]
0.07934898883104324 [ 57 122 107]
0.07934898883104324 [ 57 122 107]
0.07934898883104324 [ 57 122 107]
0.07934898883104324 [ 57 122 107]
0.07934898883104324 [ 57 122 107]
ACC 0.9114688128772636
