0.23168763518333435 [ 76  82 125]
0.18236137926578522 [ 42 105  16]
0.18236137926578522 [ 42 105  16]
0.18236137926578522 [ 42 105  16]
0.18236137926578522 [ 42 105  16]
0.18236137926578522 [ 42 105  16]
0.15428374707698822 [ 22 127 127]
0.15428374707698822 [ 22 127 127]
0.15428374707698822 [ 22 127 127]
0.15428374707698822 [ 22 127 127]
0.15428374707698822 [ 22 127 127]
0.15428374707698822 [ 22 127 127]
0.15428374707698822 [ 22 127 127]
0.15428374707698822 [ 22 127 127]
0.15428374707698822 [ 22 127 127]
0.15428374707698822 [ 22 127 127]
0.15428374707698822 [ 22 127 127]
0.15428374707698822 [ 22 127 127]
0.15428374707698822 [ 22 127 127]
0.15428374707698822 [ 22 127 127]
0.15428374707698822 [ 22 127 127]
0.15428374707698822 [ 22 127 127]
0.15428374707698822 [ 22 127 127]
0.15428374707698822 [ 22 127 127]
0.15428374707698822 [ 22 127 127]
0.15428374707698822 [ 22 127 127]
0.15428374707698822 [ 22 127 127]
0.15428374707698822 [ 22 127 127]
0.15428374707698822 [ 22 127 127]
0.15428374707698822 [ 22 127 127]
0.15428374707698822 [ 22 127 127]
0.15428374707698822 [ 22 127 127]
0.15428374707698822 [ 22 127 127]
0.15428374707698822 [ 22 127 127]
0.15428374707698822 [ 22 127 127]
0.15428374707698822 [ 22 127 127]
0.14266559481620789 [ 51  74 128]
0.14266559481620789 [ 51  74 128]
0.14266559481620789 [ 51  74 128]
0.14266559481620789 [ 51  74 128]
ACC 0.875
