0.8282206654548645 [ 66 121 106]
0.8282206654548645 [ 66 121 106]
0.8282206654548645 [ 66 121 106]
0.8282206654548645 [ 66 121 106]
0.8282206654548645 [ 66 121 106]
0.8282206654548645 [ 66 121 106]
0.8282206654548645 [ 66 121 106]
0.8141208291053772 [84 85 81]
0.8141208291053772 [84 85 81]
0.6796300411224365 [128  87  44]
0.6796300411224365 [128  87  44]
0.6796300411224365 [128  87  44]
0.6796300411224365 [128  87  44]
0.6796300411224365 [128  87  44]
0.6796300411224365 [128  87  44]
0.6796300411224365 [128  87  44]
0.6796300411224365 [128  87  44]
0.6796300411224365 [128  87  44]
0.6796300411224365 [128  87  44]
0.6796300411224365 [128  87  44]
0.6796300411224365 [128  87  44]
0.6796300411224365 [128  87  44]
0.6796300411224365 [128  87  44]
0.6796300411224365 [128  87  44]
0.6796300411224365 [128  87  44]
0.6796300411224365 [128  87  44]
0.6796300411224365 [128  87  44]
0.6796300411224365 [128  87  44]
0.6796300411224365 [128  87  44]
0.5948004722595215 [102  41  41]
0.5948004722595215 [102  41  41]
0.5948004722595215 [102  41  41]
0.5948004722595215 [102  41  41]
0.5948004722595215 [102  41  41]
0.5948004722595215 [102  41  41]
0.5948004722595215 [102  41  41]
0.5948004722595215 [102  41  41]
0.5948004722595215 [102  41  41]
0.5948004722595215 [102  41  41]
0.5948004722595215 [102  41  41]
ACC 0.7406311637080868
