1.0995709896087646
1.033325433731079
0.7591807842254639
0.7591807842254639
0.7591807842254639
0.7591807842254639
0.7591807842254639
0.7591807842254639
0.6659356355667114
0.6659356355667114
0.6659356355667114
0.6659356355667114
0.6659356355667114
0.6659356355667114
0.6659356355667114
0.6659356355667114
0.6659356355667114
0.6659356355667114
0.6659356355667114
0.6659356355667114
0.6659356355667114
0.6659356355667114
0.6659356355667114
0.6659356355667114
0.6659356355667114
0.6659356355667114
0.6659356355667114
0.6659356355667114
0.6659356355667114
0.6659356355667114
0.6659356355667114
0.6659356355667114
0.6659356355667114
0.6659356355667114
0.6659356355667114
0.6659356355667114
0.6659356355667114
0.6659356355667114
0.6659356355667114
0.6659356355667114
0.7550432276657061
