0.08349532634019852
0.08349532634019852
0.08349532634019852
0.08349532634019852
0.08349532634019852
0.08349532634019852
0.08349532634019852
0.08349532634019852
0.08349532634019852
0.08349532634019852
0.08349532634019852
0.08349532634019852
0.08349532634019852
0.08349532634019852
0.08349532634019852
0.08349532634019852
0.08349532634019852
0.08349532634019852
0.08349532634019852
0.08349532634019852
0.08349532634019852
0.08349532634019852
0.08349532634019852
0.08349532634019852
0.08349532634019852
0.08349532634019852
0.08349532634019852
0.08349532634019852
0.08349532634019852
0.08349532634019852
0.08349532634019852
0.08349532634019852
0.08349532634019852
0.08349532634019852
0.08349532634019852
0.08349532634019852
0.08349532634019852
0.08349532634019852
0.08349532634019852
0.08349532634019852
0.9080568720379147
