1.0122482776641846 [126 116  88]
0.9019601941108704 [ 42  95 101]
0.6762168407440186 [128 106  88]
0.6762168407440186 [128 106  88]
0.6762168407440186 [128 106  88]
0.6720222234725952 [128  75  88]
0.6720222234725952 [128  75  88]
0.6720222234725952 [128  75  88]
0.6720222234725952 [128  75  88]
0.6720222234725952 [128  75  88]
0.6720222234725952 [128  75  88]
0.6720222234725952 [128  75  88]
0.6720222234725952 [128  75  88]
0.6720222234725952 [128  75  88]
0.6720222234725952 [128  75  88]
0.6720222234725952 [128  75  88]
0.6720222234725952 [128  75  88]
0.6720222234725952 [128  75  88]
0.6720222234725952 [128  75  88]
0.6720222234725952 [128  75  88]
0.6720222234725952 [128  75  88]
0.6720222234725952 [128  75  88]
0.6720222234725952 [128  75  88]
0.6720222234725952 [128  75  88]
0.6720222234725952 [128  75  88]
0.6720222234725952 [128  75  88]
0.6720222234725952 [128  75  88]
0.6720222234725952 [128  75  88]
0.6720222234725952 [128  75  88]
0.6720222234725952 [128  75  88]
0.6720222234725952 [128  75  88]
0.6720222234725952 [128  75  88]
0.6720222234725952 [128  75  88]
0.6720222234725952 [128  75  88]
0.6720222234725952 [128  75  88]
0.6720222234725952 [128  75  88]
0.6720222234725952 [128  75  88]
0.6720222234725952 [128  75  88]
0.6720222234725952 [128  75  88]
0.6720222234725952 [128  75  88]
ACC 0.7676056338028169
