0.16560892760753632 [57 52 74]
0.16560892760753632 [57 52 74]
0.16560892760753632 [57 52 74]
0.16560892760753632 [57 52 74]
0.16560892760753632 [57 52 74]
0.16560892760753632 [57 52 74]
0.16560892760753632 [57 52 74]
0.16560892760753632 [57 52 74]
0.16560892760753632 [57 52 74]
0.16560892760753632 [57 52 74]
0.16560892760753632 [57 52 74]
0.16560892760753632 [57 52 74]
0.16560892760753632 [57 52 74]
0.16560892760753632 [57 52 74]
0.16560892760753632 [57 52 74]
0.16560892760753632 [57 52 74]
0.16560892760753632 [57 52 74]
0.16560892760753632 [57 52 74]
0.16560892760753632 [57 52 74]
0.16560892760753632 [57 52 74]
0.16560892760753632 [57 52 74]
0.16560892760753632 [57 52 74]
0.16560892760753632 [57 52 74]
0.16560892760753632 [57 52 74]
0.16560892760753632 [57 52 74]
0.16560892760753632 [57 52 74]
0.16560892760753632 [57 52 74]
0.14886997640132904 [ 51 114 122]
0.14886997640132904 [ 51 114 122]
0.14886997640132904 [ 51 114 122]
0.14886997640132904 [ 51 114 122]
0.14886997640132904 [ 51 114 122]
0.14886997640132904 [ 51 114 122]
0.14886997640132904 [ 51 114 122]
0.14886997640132904 [ 51 114 122]
0.14886997640132904 [ 51 114 122]
0.14886997640132904 [ 51 114 122]
0.14886997640132904 [ 51 114 122]
0.14886997640132904 [ 51 114 122]
0.14886997640132904 [ 51 114 122]
ACC 0.8816568047337278
