0.23055385053157806 [ 36 128  33]
0.23055385053157806 [ 36 128  33]
0.21699951589107513 [32 83 81]
0.21699951589107513 [32 83 81]
0.21699951589107513 [32 83 81]
0.21314691007137299 [32 83 95]
0.21314691007137299 [32 83 95]
0.21314691007137299 [32 83 95]
0.21314691007137299 [32 83 95]
0.21314691007137299 [32 83 95]
0.21314691007137299 [32 83 95]
0.21314691007137299 [32 83 95]
0.21314691007137299 [32 83 95]
0.21314691007137299 [32 83 95]
0.21314691007137299 [32 83 95]
0.21314691007137299 [32 83 95]
0.21314691007137299 [32 83 95]
0.21314691007137299 [32 83 95]
0.21314691007137299 [32 83 95]
0.21314691007137299 [32 83 95]
0.20994238555431366 [115 125  79]
0.20994238555431366 [115 125  79]
0.20994238555431366 [115 125  79]
0.20994238555431366 [115 125  79]
0.17614209651947021 [115 125  79]
0.17449505627155304 [128  86  97]
0.17449505627155304 [128  86  97]
0.17449505627155304 [128  86  97]
0.17449505627155304 [128  86  97]
0.17449505627155304 [128  86  97]
0.17449505627155304 [128  86  97]
0.17449505627155304 [128  86  97]
0.17449505627155304 [128  86  97]
0.17449505627155304 [128  86  97]
0.15423442423343658 [ 63 128 128]
0.15423442423343658 [ 63 128 128]
0.15423442423343658 [ 63 128 128]
0.15423442423343658 [ 63 128 128]
0.15423442423343658 [ 63 128 128]
0.15423442423343658 [ 63 128 128]
ACC 0.8748815165876778
