0.8507625460624695
0.8507625460624695
0.7599974870681763
0.7599974870681763
0.7599974870681763
0.7599974870681763
0.5764982104301453
0.5764982104301453
0.5764982104301453
0.5764982104301453
0.5764982104301453
0.5764982104301453
0.5764982104301453
0.5764982104301453
0.5764982104301453
0.5764982104301453
0.5764982104301453
0.5764982104301453
0.5764982104301453
0.5764982104301453
0.5764982104301453
0.5764982104301453
0.5764982104301453
0.5764982104301453
0.5764982104301453
0.5764982104301453
0.5764982104301453
0.5764982104301453
0.5764982104301453
0.5764982104301453
0.5764982104301453
0.5764982104301453
0.5764982104301453
0.5764982104301453
0.5764982104301453
0.5764982104301453
0.5764982104301453
0.5764982104301453
0.5764982104301453
0.5764982104301453
0.7973358705994291
