0.2819453179836273
0.2819453179836273
0.2819453179836273
0.2819453179836273
0.2819453179836273
0.2819453179836273
0.267426997423172
0.267426997423172
0.267426997423172
0.267426997423172
0.2567818760871887
0.2552684247493744
0.2552684247493744
0.2552684247493744
0.24657849967479706
0.24657849967479706
0.23948104679584503
0.23948104679584503
0.23948104679584503
0.23948104679584503
0.23948104679584503
0.23948104679584503
0.23948104679584503
0.23948104679584503
0.23948104679584503
0.23948104679584503
0.23948104679584503
0.23948104679584503
0.23948104679584503
0.23948104679584503
0.23948104679584503
0.23948104679584503
0.23948104679584503
0.23948104679584503
0.23948104679584503
0.23948104679584503
0.23948104679584503
0.23948104679584503
0.23948104679584503
0.2391260415315628
