0.20156550407409668
0.20156550407409668
0.20156550407409668
0.1741599589586258
0.1741599589586258
0.1741599589586258
0.1741599589586258
0.1741599589586258
0.1741599589586258
0.1741599589586258
0.1741599589586258
0.1741599589586258
0.1741599589586258
0.1741599589586258
0.1741599589586258
0.1741599589586258
0.1741599589586258
0.1741599589586258
0.14389225840568542
0.14389225840568542
0.14389225840568542
0.14389225840568542
0.14389225840568542
0.14389225840568542
0.14389225840568542
0.14389225840568542
0.14389225840568542
0.14389225840568542
0.14389225840568542
0.14389225840568542
0.14389225840568542
0.14389225840568542
0.14389225840568542
0.14389225840568542
0.14389225840568542
0.14389225840568542
0.14389225840568542
0.14389225840568542
0.14389225840568542
0.14389225840568542
0.8906098741529526
