0.2881675660610199 [120  76 119]
0.2881675660610199 [120  76 119]
0.28504234552383423 [ 90 106 128]
0.28504234552383423 [ 90 106 128]
0.28504234552383423 [ 90 106 128]
0.2761799395084381 [ 56 124  91]
0.2470042109489441 [128 101 119]
0.2470042109489441 [128 101 119]
0.2470042109489441 [128 101 119]
0.2470042109489441 [128 101 119]
0.2470042109489441 [128 101 119]
0.2470042109489441 [128 101 119]
0.2470042109489441 [128 101 119]
0.2470042109489441 [128 101 119]
0.2470042109489441 [128 101 119]
0.24597929418087006 [ 94 128 108]
0.24597929418087006 [ 94 128 108]
0.24597929418087006 [ 94 128 108]
0.24597929418087006 [ 94 128 108]
0.24597929418087006 [ 94 128 108]
0.24597929418087006 [ 94 128 108]
0.24597929418087006 [ 94 128 108]
0.24597929418087006 [ 94 128 108]
0.24597929418087006 [ 94 128 108]
0.24597929418087006 [ 94 128 108]
0.24597929418087006 [ 94 128 108]
0.24597929418087006 [ 94 128 108]
0.24597929418087006 [ 94 128 108]
0.24597929418087006 [ 94 128 108]
0.23527424037456512 [ 35 100  96]
0.23527424037456512 [ 35 100  96]
0.20354260504245758 [99 95 44]
0.20354260504245758 [99 95 44]
0.20354260504245758 [99 95 44]
0.20354260504245758 [99 95 44]
0.20354260504245758 [99 95 44]
0.20354260504245758 [99 95 44]
0.20354260504245758 [99 95 44]
0.20354260504245758 [99 95 44]
0.20354260504245758 [99 95 44]
ACC 0.8757396449704142
