0.9520905613899231 [ 41 121 128]
0.9520905613899231 [ 41 121 128]
0.9520905613899231 [ 41 121 128]
0.7718889117240906 [ 68 116  55]
0.5987715721130371 [107  64  41]
0.5987715721130371 [107  64  41]
0.5987715721130371 [107  64  41]
0.5987715721130371 [107  64  41]
0.5987715721130371 [107  64  41]
0.5987715721130371 [107  64  41]
0.5987715721130371 [107  64  41]
0.5987715721130371 [107  64  41]
0.5987715721130371 [107  64  41]
0.5987715721130371 [107  64  41]
0.5987715721130371 [107  64  41]
0.5987715721130371 [107  64  41]
0.5987715721130371 [107  64  41]
0.5987715721130371 [107  64  41]
0.5987715721130371 [107  64  41]
0.5987715721130371 [107  64  41]
0.5987715721130371 [107  64  41]
0.5987715721130371 [107  64  41]
0.5987715721130371 [107  64  41]
0.5427966713905334 [102 111  72]
0.5427966713905334 [102 111  72]
0.5427966713905334 [102 111  72]
0.5427966713905334 [102 111  72]
0.5427966713905334 [102 111  72]
0.5427966713905334 [102 111  72]
0.5427966713905334 [102 111  72]
0.5427966713905334 [102 111  72]
0.5427966713905334 [102 111  72]
0.5427966713905334 [102 111  72]
0.5427966713905334 [102 111  72]
0.5427966713905334 [102 111  72]
0.5427966713905334 [102 111  72]
0.5427966713905334 [102 111  72]
0.5427966713905334 [102 111  72]
0.5427966713905334 [102 111  72]
0.5427966713905334 [102 111  72]
ACC 0.7860600193610843
