0.20039643347263336 [94 15 36]
0.20039643347263336 [94 15 36]
0.17111188173294067 [ 49  58 101]
0.17111188173294067 [ 49  58 101]
0.15277786552906036 [ 59 126  87]
0.1379585564136505 [ 45 103  89]
0.1379585564136505 [ 45 103  89]
0.1379585564136505 [ 45 103  89]
0.1379585564136505 [ 45 103  89]
0.1379585564136505 [ 45 103  89]
0.1379585564136505 [ 45 103  89]
0.1379585564136505 [ 45 103  89]
0.1379585564136505 [ 45 103  89]
0.1379585564136505 [ 45 103  89]
0.1379585564136505 [ 45 103  89]
0.1379585564136505 [ 45 103  89]
0.1379585564136505 [ 45 103  89]
0.1379585564136505 [ 45 103  89]
0.1379585564136505 [ 45 103  89]
0.1379585564136505 [ 45 103  89]
0.1379585564136505 [ 45 103  89]
0.1379585564136505 [ 45 103  89]
0.1379585564136505 [ 45 103  89]
0.1379585564136505 [ 45 103  89]
0.1379585564136505 [ 45 103  89]
0.1379585564136505 [ 45 103  89]
0.1379585564136505 [ 45 103  89]
0.1379585564136505 [ 45 103  89]
0.1379585564136505 [ 45 103  89]
0.1379585564136505 [ 45 103  89]
0.1379585564136505 [ 45 103  89]
0.1379585564136505 [ 45 103  89]
0.1379585564136505 [ 45 103  89]
0.1379585564136505 [ 45 103  89]
0.1379585564136505 [ 45 103  89]
0.1379585564136505 [ 45 103  89]
0.1379585564136505 [ 45 103  89]
0.1379585564136505 [ 45 103  89]
0.1379585564136505 [ 45 103  89]
0.1379585564136505 [ 45 103  89]
ACC 0.8736842105263158
