0.18453730642795563
0.18453730642795563
0.18453730642795563
0.17464736104011536
0.17464736104011536
0.17464736104011536
0.17464736104011536
0.17464736104011536
0.17464736104011536
0.17464736104011536
0.17464736104011536
0.17464736104011536
0.17464736104011536
0.17464736104011536
0.17464736104011536
0.15303568542003632
0.1519378423690796
0.1519378423690796
0.1519378423690796
0.1519378423690796
0.1519378423690796
0.1519378423690796
0.15073326230049133
0.15073326230049133
0.15073326230049133
0.15073326230049133
0.15073326230049133
0.13870257139205933
0.13870257139205933
0.13870257139205933
0.13870257139205933
0.13870257139205933
0.13870257139205933
0.13870257139205933
0.13870257139205933
0.13870257139205933
0.13870257139205933
0.13870257139205933
0.13870257139205933
0.13870257139205933
0.8842010771992819
