0.7033656239509583
0.7033656239509583
0.7033656239509583
0.7033656239509583
0.7033656239509583
0.7033656239509583
0.4733850657939911
0.4733850657939911
0.4733850657939911
0.4733850657939911
0.4733850657939911
0.4733850657939911
0.4733850657939911
0.4733850657939911
0.4733850657939911
0.4733850657939911
0.4733850657939911
0.4733850657939911
0.4733850657939911
0.4733850657939911
0.4733850657939911
0.4733850657939911
0.4733850657939911
0.4733850657939911
0.4733850657939911
0.4733850657939911
0.4733850657939911
0.4733850657939911
0.4733850657939911
0.4733850657939911
0.4733850657939911
0.4733850657939911
0.4733850657939911
0.4733850657939911
0.4733850657939911
0.4733850657939911
0.4733850657939911
0.4733850657939911
0.4733850657939911
0.4733850657939911
0.8059558117195005
