0.1782962828874588 [81 68 25]
0.1782962828874588 [81 68 25]
0.1782962828874588 [81 68 25]
0.1782962828874588 [81 68 25]
0.1782962828874588 [81 68 25]
0.1782962828874588 [81 68 25]
0.1782962828874588 [81 68 25]
0.1782962828874588 [81 68 25]
0.1782962828874588 [81 68 25]
0.1782962828874588 [81 68 25]
0.1782962828874588 [81 68 25]
0.1782962828874588 [81 68 25]
0.1782962828874588 [81 68 25]
0.1782962828874588 [81 68 25]
0.1782962828874588 [81 68 25]
0.1782962828874588 [81 68 25]
0.1782962828874588 [81 68 25]
0.1782962828874588 [81 68 25]
0.1782962828874588 [81 68 25]
0.1782962828874588 [81 68 25]
0.1782962828874588 [81 68 25]
0.17409157752990723 [ 74 128 124]
0.17409157752990723 [ 74 128 124]
0.16157612204551697 [ 88 128 128]
0.16157612204551697 [ 88 128 128]
0.16157612204551697 [ 88 128 128]
0.16157612204551697 [ 88 128 128]
0.16157612204551697 [ 88 128 128]
0.16157612204551697 [ 88 128 128]
0.16157612204551697 [ 88 128 128]
0.16157612204551697 [ 88 128 128]
0.16157612204551697 [ 88 128 128]
0.16157612204551697 [ 88 128 128]
0.16157612204551697 [ 88 128 128]
0.16157612204551697 [ 88 128 128]
0.16157612204551697 [ 88 128 128]
0.16157612204551697 [ 88 128 128]
0.16157612204551697 [ 88 128 128]
0.16157612204551697 [ 88 128 128]
0.16157612204551697 [ 88 128 128]
ACC 0.8312796208530806
