0.2601642608642578 [103  37  20]
0.2601642608642578 [103  37  20]
0.2601642608642578 [103  37  20]
0.2601642608642578 [103  37  20]
0.2500823736190796 [128 118  17]
0.22051995992660522 [ 81  39 115]
0.21287570893764496 [128  69  47]
0.21287570893764496 [128  69  47]
0.21287570893764496 [128  69  47]
0.21287570893764496 [128  69  47]
0.21287570893764496 [128  69  47]
0.21287570893764496 [128  69  47]
0.21287570893764496 [128  69  47]
0.20672671496868134 [109 128 113]
0.20672671496868134 [109 128 113]
0.20672671496868134 [109 128 113]
0.20672671496868134 [109 128 113]
0.20672671496868134 [109 128 113]
0.20454184710979462 [ 62  67 117]
0.20454184710979462 [ 62  67 117]
0.20454184710979462 [ 62  67 117]
0.20454184710979462 [ 62  67 117]
0.20454184710979462 [ 62  67 117]
0.20454184710979462 [ 62  67 117]
0.20454184710979462 [ 62  67 117]
0.20454184710979462 [ 62  67 117]
0.20454184710979462 [ 62  67 117]
0.20454184710979462 [ 62  67 117]
0.20454184710979462 [ 62  67 117]
0.20454184710979462 [ 62  67 117]
0.20454184710979462 [ 62  67 117]
0.20454184710979462 [ 62  67 117]
0.20223069190979004 [ 57  60 114]
0.20223069190979004 [ 57  60 114]
0.20223069190979004 [ 57  60 114]
0.20223069190979004 [ 57  60 114]
0.20223069190979004 [ 57  60 114]
0.17148828506469727 [ 57 103  86]
0.17148828506469727 [ 57 103  86]
0.17148828506469727 [ 57 103  86]
ACC 0.8548689138576779
