0.200051948428154 [ 23 103 126]
0.200051948428154 [ 23 103 126]
0.200051948428154 [ 23 103 126]
0.1628241091966629 [114 124 128]
0.1628241091966629 [114 124 128]
0.1628241091966629 [114 124 128]
0.1628241091966629 [114 124 128]
0.1628241091966629 [114 124 128]
0.1628241091966629 [114 124 128]
0.1628241091966629 [114 124 128]
0.1628241091966629 [114 124 128]
0.1628241091966629 [114 124 128]
0.1628241091966629 [114 124 128]
0.1628241091966629 [114 124 128]
0.1628241091966629 [114 124 128]
0.1628241091966629 [114 124 128]
0.1628241091966629 [114 124 128]
0.1628241091966629 [114 124 128]
0.1628241091966629 [114 124 128]
0.1628241091966629 [114 124 128]
0.1628241091966629 [114 124 128]
0.1628241091966629 [114 124 128]
0.1628241091966629 [114 124 128]
0.1497325897216797 [ 73 128 128]
0.1497325897216797 [ 73 128 128]
0.1497325897216797 [ 73 128 128]
0.1497325897216797 [ 73 128 128]
0.1497325897216797 [ 73 128 128]
0.1497325897216797 [ 73 128 128]
0.1497325897216797 [ 73 128 128]
0.1497325897216797 [ 73 128 128]
0.1497325897216797 [ 73 128 128]
0.1497325897216797 [ 73 128 128]
0.1497325897216797 [ 73 128 128]
0.1497325897216797 [ 73 128 128]
0.1497325897216797 [ 73 128 128]
0.1497325897216797 [ 73 128 128]
0.1497325897216797 [ 73 128 128]
0.1497325897216797 [ 73 128 128]
0.12597835063934326 [ 75 108 116]
ACC 0.9090047393364928
