0.14781779050827026 [24 29 97]
0.14781779050827026 [24 29 97]
0.10907009989023209 [ 68 104  79]
0.10907009989023209 [ 68 104  79]
0.0981864407658577 [ 85  34 128]
0.0850960910320282 [ 68  75 107]
0.0850960910320282 [ 68  75 107]
0.0850960910320282 [ 68  75 107]
0.0850960910320282 [ 68  75 107]
0.0850960910320282 [ 68  75 107]
0.0850960910320282 [ 68  75 107]
0.0850960910320282 [ 68  75 107]
0.0850960910320282 [ 68  75 107]
0.0850960910320282 [ 68  75 107]
0.0850960910320282 [ 68  75 107]
0.0850960910320282 [ 68  75 107]
0.0850960910320282 [ 68  75 107]
0.0850960910320282 [ 68  75 107]
0.0850960910320282 [ 68  75 107]
0.0850960910320282 [ 68  75 107]
0.0850960910320282 [ 68  75 107]
0.0850960910320282 [ 68  75 107]
0.0850960910320282 [ 68  75 107]
0.0850960910320282 [ 68  75 107]
0.0850960910320282 [ 68  75 107]
0.0850960910320282 [ 68  75 107]
0.0850960910320282 [ 68  75 107]
0.0850960910320282 [ 68  75 107]
0.0850960910320282 [ 68  75 107]
0.0850960910320282 [ 68  75 107]
0.0850960910320282 [ 68  75 107]
0.0850960910320282 [ 68  75 107]
0.0850960910320282 [ 68  75 107]
0.0850960910320282 [ 68  75 107]
0.0850960910320282 [ 68  75 107]
0.0850960910320282 [ 68  75 107]
0.0850960910320282 [ 68  75 107]
0.0850960910320282 [ 68  75 107]
0.06942599266767502 [ 93  92 128]
0.06942599266767502 [ 93  92 128]
ACC 0.9100684261974584
