1.0231882333755493
0.9797954559326172
0.9433721303939819
0.8521846532821655
0.8521846532821655
0.8521846532821655
0.8521846532821655
0.8521846532821655
0.6164785027503967
0.6164785027503967
0.6164785027503967
0.6164785027503967
0.6164785027503967
0.6164785027503967
0.6164785027503967
0.6164785027503967
0.6164785027503967
0.6164785027503967
0.6164785027503967
0.6164785027503967
0.6164785027503967
0.6164785027503967
0.6164785027503967
0.6164785027503967
0.6164785027503967
0.6164785027503967
0.6164785027503967
0.6164785027503967
0.6164785027503967
0.6164785027503967
0.6164785027503967
0.6164785027503967
0.6164785027503967
0.6164785027503967
0.6164785027503967
0.6164785027503967
0.6164785027503967
0.6164785027503967
0.6164785027503967
0.6164785027503967
0.772635814889336
