0.8593372106552124 [58 92 41]
0.7340697646141052 [ 59  92 109]
0.7340697646141052 [ 59  92 109]
0.7340697646141052 [ 59  92 109]
0.3303275406360626 [ 68 117  41]
0.3303275406360626 [ 68 117  41]
0.3303275406360626 [ 68 117  41]
0.3303275406360626 [ 68 117  41]
0.3303275406360626 [ 68 117  41]
0.3303275406360626 [ 68 117  41]
0.3303275406360626 [ 68 117  41]
0.3303275406360626 [ 68 117  41]
0.3303275406360626 [ 68 117  41]
0.3303275406360626 [ 68 117  41]
0.3303275406360626 [ 68 117  41]
0.3303275406360626 [ 68 117  41]
0.3303275406360626 [ 68 117  41]
0.3303275406360626 [ 68 117  41]
0.3303275406360626 [ 68 117  41]
0.3303275406360626 [ 68 117  41]
0.3303275406360626 [ 68 117  41]
0.3303275406360626 [ 68 117  41]
0.3303275406360626 [ 68 117  41]
0.3303275406360626 [ 68 117  41]
0.3303275406360626 [ 68 117  41]
0.3303275406360626 [ 68 117  41]
0.3303275406360626 [ 68 117  41]
0.3303275406360626 [ 68 117  41]
0.3303275406360626 [ 68 117  41]
0.3303275406360626 [ 68 117  41]
0.3303275406360626 [ 68 117  41]
0.3303275406360626 [ 68 117  41]
0.3303275406360626 [ 68 117  41]
0.3303275406360626 [ 68 117  41]
0.3303275406360626 [ 68 117  41]
0.3303275406360626 [ 68 117  41]
0.3303275406360626 [ 68 117  41]
0.3303275406360626 [ 68 117  41]
0.3303275406360626 [ 68 117  41]
0.3303275406360626 [ 68 117  41]
ACC 0.825381679389313
