0.16587680578231812 [111  83  73]
0.16587680578231812 [111  83  73]
0.16587680578231812 [111  83  73]
0.16587680578231812 [111  83  73]
0.16587680578231812 [111  83  73]
0.1623956263065338 [57 83 78]
0.1623956263065338 [57 83 78]
0.1623956263065338 [57 83 78]
0.1623956263065338 [57 83 78]
0.1623956263065338 [57 83 78]
0.1623956263065338 [57 83 78]
0.1623956263065338 [57 83 78]
0.1623956263065338 [57 83 78]
0.15123441815376282 [ 55  74 108]
0.15123441815376282 [ 55  74 108]
0.15123441815376282 [ 55  74 108]
0.15123441815376282 [ 55  74 108]
0.15123441815376282 [ 55  74 108]
0.15123441815376282 [ 55  74 108]
0.15123441815376282 [ 55  74 108]
0.15123441815376282 [ 55  74 108]
0.15123441815376282 [ 55  74 108]
0.15123441815376282 [ 55  74 108]
0.15123441815376282 [ 55  74 108]
0.15123441815376282 [ 55  74 108]
0.15123441815376282 [ 55  74 108]
0.15123441815376282 [ 55  74 108]
0.15123441815376282 [ 55  74 108]
0.15123441815376282 [ 55  74 108]
0.15123441815376282 [ 55  74 108]
0.15123441815376282 [ 55  74 108]
0.15123441815376282 [ 55  74 108]
0.15123441815376282 [ 55  74 108]
0.15123441815376282 [ 55  74 108]
0.15123441815376282 [ 55  74 108]
0.15123441815376282 [ 55  74 108]
0.15123441815376282 [ 55  74 108]
0.15123441815376282 [ 55  74 108]
0.15123441815376282 [ 55  74 108]
0.15123441815376282 [ 55  74 108]
ACC 0.852996254681648
