0.2554442584514618
0.2118767499923706
0.2118767499923706
0.2118767499923706
0.2118767499923706
0.1984827071428299
0.1885213702917099
0.1885213702917099
0.1885213702917099
0.1885213702917099
0.1885213702917099
0.1885213702917099
0.1885213702917099
0.1885213702917099
0.1885213702917099
0.1885213702917099
0.1885213702917099
0.1885213702917099
0.1885213702917099
0.18506164848804474
0.18506164848804474
0.18506164848804474
0.18506164848804474
0.18506164848804474
0.18506164848804474
0.18506164848804474
0.18506164848804474
0.18506164848804474
0.18506164848804474
0.18506164848804474
0.18506164848804474
0.18506164848804474
0.18506164848804474
0.18506164848804474
0.18506164848804474
0.18506164848804474
0.18506164848804474
0.18506164848804474
0.18506164848804474
0.18506164848804474
0.8473933649289099
