0.22638435661792755
0.22638435661792755
0.22638435661792755
0.22638435661792755
0.22638435661792755
0.22638435661792755
0.22638435661792755
0.22638435661792755
0.22638435661792755
0.22638435661792755
0.22458235919475555
0.22334861755371094
0.22334861755371094
0.21033179759979248
0.21033179759979248
0.21033179759979248
0.21033179759979248
0.21033179759979248
0.21033179759979248
0.21033179759979248
0.21033179759979248
0.21033179759979248
0.21033179759979248
0.21033179759979248
0.1963045448064804
0.1963045448064804
0.1963045448064804
0.1963045448064804
0.1963045448064804
0.1963045448064804
0.1963045448064804
0.1963045448064804
0.1963045448064804
0.1963045448064804
0.1963045448064804
0.1963045448064804
0.1963045448064804
0.1963045448064804
0.1963045448064804
0.1963045448064804
0.8725023786869648
