0.11443313956260681
0.11443313956260681
0.11443313956260681
0.11443313956260681
0.10683785378932953
0.10683785378932953
0.0816565752029419
0.0816565752029419
0.0816565752029419
0.0816565752029419
0.0816565752029419
0.0816565752029419
0.076457679271698
0.076457679271698
0.076457679271698
0.05477260798215866
0.05477260798215866
0.05477260798215866
0.05477260798215866
0.05477260798215866
0.05477260798215866
0.05477260798215866
0.05477260798215866
0.05477260798215866
0.05477260798215866
0.05477260798215866
0.05477260798215866
0.05477260798215866
0.05477260798215866
0.05477260798215866
0.05477260798215866
0.05477260798215866
0.05477260798215866
0.05477260798215866
0.05477260798215866
0.05477260798215866
0.05477260798215866
0.05477260798215866
0.05477260798215866
0.05477260798215866
0.9308712121212122
