0.7725780695528743
0.43075762952448543
0.43075762952448543
0.7527945351312988
0.758915897799858
0.43075762952448543
0.43075762952448543
0.43075762952448543
0.7370475514549326
0.43075762952448543
0.7126508161816891
0.7047995031937544
0.43075762952448543
0.43075762952448543
0.43075762952448543
0.43075762952448543
0.43075762952448543
0.43075762952448543
0.43075762952448543
0.43075762952448543
0.4336852377572747
0.43075762952448543
0.4950762952448545
0.43075762952448543
0.6926011355571328
0.43075762952448543
0.43075762952448543
0.43075762952448543
0.7220546486870121
0.43075762952448543
0.43075762952448543
0.43075762952448543
0.43075762952448543
0.43075762952448543
0.43075762952448543
0.43075762952448543
0.43075762952448543
0.43075762952448543
0.43075762952448543
0.43075762952448543
0.43075762952448543
0.43075762952448543
0.43075762952448543
0.43075762952448543
0.43075762952448543
0.43075762952448543
0.43075762952448543
0.43075762952448543
0.43075762952448543
0.43075762952448543
0.43075762952448543
0.43075762952448543
0.43075762952448543
0.43075762952448543
0.43075762952448543
0.49467707594038324
0.43075762952448543
0.44007274662881474
0.43075762952448543
0.43075762952448543
0.43075762952448543
0.43075762952448543
0.43075762952448543
0.43075762952448543
0.6908268275372604
0.43075762952448543
0.43075762952448543
0.43075762952448543
0.43075762952448543
0.43075762952448543
0.43075762952448543
0.43075762952448543
0.43075762952448543
0.43075762952448543
0.43075762952448543
0.43075762952448543
0.43075762952448543
0.43075762952448543
0.43075762952448543
0.43075762952448543
0.43075762952448543
0.43075762952448543
0.43075762952448543
0.43075762952448543
0.43075762952448543
0.43075762952448543
0.43075762952448543
0.43075762952448543
0.43075762952448543
0.43075762952448543
0.43075762952448543
0.43075762952448543
0.43075762952448543
0.43075762952448543
0.43075762952448543
0.43075762952448543
0.687721788502484
0.43075762952448543
0.43075762952448543
0.43075762952448543
